0 0 0 3 0 1 4 2 6 5 7
0 1 5 0 3 1 4 2 6 5 7
0 1 5 3 1 0 4 2 6 5 7
0 2 5 2 3 1 4 0 6 5 7
0 4 5 7 3 1 4 2 6 5 0
0 2 5 3 1 5 4 2 6 0 7
0 3 4 3 1 5 4 2 6 7 0
0 5 4 3 1 5 4 0 6 7 2
0 6 4 3 1 0 4 2 6 7 5
0 6 4 0 1 5 4 2 6 7 3
0 7 3 1 0 5 4 2 6 7 3
0 8 3 1 5 0 4 2 6 7 3
0 6 4 0 1 5 4 3 6 7 2
0 7 3 1 0 5 4 3 6 7 2
0 8 3 1 5 0 4 3 6 7 2
0 8 4 3 0 5 4 1 6 7 2
0 7 4 3 0 1 4 2 6 7 5
0 7 4 2 1 5 4 0 6 7 3
0 8 4 1 6 5 4 2 0 7 3
0 9 4 1 5 7 4 2 6 0 3
0 9 4 1 5 4 0 2 6 7 3
0 9 4 2 1 5 4 3 6 7 0
0 8 4 1 6 5 4 3 0 7 2
0 9 4 1 5 7 4 3 6 0 2
0 9 4 1 5 4 0 3 6 7 2
0 9 4 0 3 5 4 1 6 7 2
0 10 3 1 3 5 4 0 6 7 2
0 12 3 1 3 5 4 2 6 7 0
0 15 3 1 3 0 4 2 6 7 5
0 16 2 1 0 3 4 2 6 7 5
0 17 3 1 6 3 4 2 0 7 5
0 17 3 0 1 3 4 2 6 7 5
0 18 3 1 6 3 4 0 2 7 5
0 20 2 1 6 3 4 5 2 7 0
0 18 3 2 1 3 4 0 6 7 5
0 20 2 2 1 3 4 5 6 7 0
0 23 2 0 1 3 4 5 6 7 2
0 24 1 1 0 3 4 5 6 7 2
0 25 2 1 6 3 4 5 0 7 2
0 25 2 1 3 0 4 5 6 7 2
0 20 3 5 1 3 4 2 6 7 0
0 21 3 1 0 3 4 6 2 7 5
0 22 2 1 2 3 4 6 0 7 5
0 23 1 1 2 3 4 0 6 7 5
