0 0 0 6 3 4 7 1 2 5 0
0 3 5 0 3 4 7 1 2 5 6
0 4 5 1 3 4 7 0 2 5 6
0 5 5 7 3 4 0 1 2 5 6
0 6 5 2 3 4 7 1 0 5 6
0 5 5 1 3 4 7 2 0 5 6
0 7 5 1 0 4 7 3 2 5 6
0 7 5 1 3 4 0 7 2 5 6
0 6 5 7 3 0 4 1 2 5 6
0 8 5 7 3 4 5 1 2 0 6
0 8 5 7 3 4 1 0 2 5 6
0 7 5 2 3 4 7 0 1 5 6
0 7 5 2 3 4 7 1 5 0 6
0 6 5 1 0 4 7 2 3 5 6
0 6 5 1 3 4 7 2 5 0 6
0 8 5 1 2 4 7 3 0 5 6
0 8 5 1 4 0 7 3 2 5 6
0 8 5 1 3 0 4 7 2 5 6
0 9 4 1 0 3 4 7 2 5 6
0 10 3 1 2 3 4 7 0 5 6
0 11 3 1 2 3 4 0 7 5 6
0 11 3 1 2 3 4 7 5 0 6
0 13 3 1 2 3 4 6 7 5 0
0 12 3 1 2 3 4 7 5 6 0
0 14 3 1 2 3 4 6 7 0 5
0 15 2 1 2 3 4 6 0 7 5
0 16 1 1 2 3 4 0 6 7 5
