0 0 0 3 6 0 2 5 4 7 1
0 5 0 3 0 6 2 5 4 7 1
0 5 0 3 6 2 0 5 4 7 1
0 6 0 3 6 7 2 5 4 0 1
0 10 0 3 4 6 2 5 0 7 1
0 10 0 0 3 6 2 5 4 7 1
0 10 0 3 6 0 2 5 4 7 1
0 10 0 3 6 2 1 5 4 7 0
0 10 0 3 6 0 2 5 4 7 1
0 10 0 0 6 2 3 5 4 7 1
0 11 0 3 6 2 7 5 4 0 1
0 11 0 3 6 2 5 0 4 7 1
0 12 0 3 6 7 2 5 0 4 1
0 12 0 3 6 7 2 5 4 1 0
0 14 0 1 3 6 2 5 4 7 0
0 14 0 1 6 2 3 5 4 7 0
0 15 0 3 0 6 2 5 4 7 1
0 15 0 3 0 6 2 5 4 7 1
0 15 0 2 3 6 0 5 4 7 1
0 15 0 4 3 6 2 5 0 7 1
0 15 0 3 0 6 2 5 4 7 1
0 15 0 3 6 2 0 5 4 7 1
0 15 0 3 6 2 0 5 4 7 1
0 15 0 3 6 0 1 5 4 7 2
0 15 0 0 6 2 1 5 4 7 3
0 15 0 3 0 6 2 5 4 7 1
0 15 0 3 6 2 0 5 4 7 1
0 15 0 6 0 2 3 5 4 7 1
0 15 0 3 6 2 0 5 4 7 1
0 15 0 4 6 2 3 5 0 7 1
0 16 0 3 4 6 2 0 5 7 1
0 16 0 3 4 6 2 5 7 0 1
0 16 0 5 3 6 2 0 4 7 1
0 16 0 3 6 7 2 5 4 0 1
0 16 0 3 6 2 1 5 4 0 7
0 16 0 3 6 2 1 0 4 7 5
0 16 0 3 6 7 2 5 4 0 1
0 16 0 5 6 2 3 0 4 7 1
0 17 0 3 6 0 7 5 4 2 1
0 17 0 3 6 2 7 5 0 4 1
0 17 0 3 6 2 7 5 4 1 0
0 17 0 0 6 2 5 3 4 7 1
0 17 0 3 6 2 5 4 0 7 1
0 17 0 3 6 2 5 1 4 7 0
0 17 0 3 0 2 5 6 4 7 1
0 17 0 3 0 7 2 5 6 4 1
0 18 0 3 6 7 0 5 4 1 2
0 18 0 3 6 0 2 5 4 1 7
0 18 0 0 6 7 2 5 4 1 3
0 18 0 1 3 6 0 5 4 7 2
0 18 0 1 3 0 2 5 4 7 6
0 18 0 1 6 2 0 5 4 7 3
0 18 0 1 6 0 3 5 4 7 2
0 19 0 3 6 7 2 0 5 4 1
0 19 0 3 6 7 2 0 4 1 5
0 19 0 1 3 6 2 5 4 0 7
0 19 0 1 3 6 2 0 4 7 5
0 19 0 0 3 6 2 5 4 7 1
0 19 0 1 6 2 3 5 4 0 7
0 19 0 1 6 2 3 0 4 7 5
0 19 0 0 6 2 3 5 4 7 1
0 19 0 6 2 0 3 5 4 7 1
0 19 0 4 0 2 3 5 6 7 1
0 20 0 3 4 6 2 5 0 7 1
0 20 0 3 6 0 2 5 4 7 1
0 20 0 3 4 6 2 5 0 7 1
0 20 0 3 6 0 2 5 4 7 1
0 20 0 2 3 6 1 5 4 7 0
0 20 0 2 3 0 6 5 4 7 1
0 20 0 4 0 6 2 5 3 7 1
0 20 0 3 4 6 2 5 0 7 1
0 20 0 3 6 0 2 5 4 7 1
0 20 0 3 6 2 1 5 4 7 0
0 20 0 3 6 0 2 5 4 7 1
0 20 0 3 6 2 1 5 4 7 0
0 20 0 3 6 0 2 5 4 7 1
0 20 0 3 0 6 1 5 4 7 2
0 20 0 3 6 1 0 5 4 7 2
0 20 0 6 0 2 1 5 4 7 3
0 20 0 4 6 2 1 5 0 7 3
0 20 0 3 6 2 1 5 4 7 0
0 20 0 3 4 6 2 5 0 7 1
0 20 0 3 6 0 2 5 4 7 1
0 20 0 3 6 2 1 5 4 7 0
0 20 0 3 6 0 2 5 4 7 1
0 20 0 6 4 2 3 5 0 7 1
0 20 0 3 6 2 1 5 4 7 0
0 20 0 3 6 0 2 5 4 7 1
0 21 0 2 3 6 7 5 4 0 1
0 21 0 2 3 6 5 0 4 7 1
0 21 0 4 3 6 2 0 5 7 1
0 21 0 4 3 6 2 5 7 0 1
0 21 0 3 6 2 7 5 4 0 1
0 21 0 3 6 2 5 0 4 7 1
0 21 0 3 6 2 7 5 4 0 1
0 21 0 3 6 2 5 0 4 7 1
0 21 0 3 6 7 1 5 4 0 2
0 21 0 5 6 2 1 0 4 7 3
0 21 0 3 6 2 7 5 4 0 1
0 21 0 3 6 2 5 0 4 7 1
0 21 0 3 6 2 7 5 4 0 1
0 21 0 3 6 2 5 0 4 7 1
0 21 0 4 6 2 3 0 5 7 1
0 21 0 4 6 2 3 5 7 0 1
0 21 0 1 0 3 2 5 4 7 6
0 21 0 1 6 3 0 5 4 7 2
0 22 0 0 4 6 2 3 5 7 1
0 22 0 3 4 6 2 1 5 7 0
0 22 0 3 0 6 2 4 5 7 1
0 22 0 3 4 6 0 2 5 7 1
0 22 0 3 4 0 2 5 7 6 1
0 22 0 3 4 6 2 5 7 1 0
0 22 0 5 3 6 2 4 0 7 1
0 22 0 5 3 6 2 1 4 7 0
0 22 0 5 0 6 2 3 4 7 1
0 22 0 5 3 6 0 2 4 7 1
0 22 0 3 6 7 2 5 0 4 1
0 22 0 3 6 7 2 5 4 1 0
0 22 0 3 6 0 1 5 4 2 7
0 22 0 3 6 2 1 5 0 4 7
0 22 0 0 6 2 1 3 4 7 5
0 22 0 3 6 2 1 4 0 7 5
0 22 0 3 0 2 1 6 4 7 5
0 22 0 3 6 2 0 1 4 7 5
0 22 0 3 6 7 2 5 0 4 1
0 22 0 3 6 7 2 5 4 1 0
0 22 0 5 6 2 3 4 0 7 1
0 22 0 5 6 2 3 1 4 7 0
0 22 0 5 0 2 3 6 4 7 1
0 22 0 5 6 2 0 3 4 7 1
0 22 0 3 0 2 7 5 6 4 1
0 22 0 1 6 2 5 3 4 7 0
0 22 0 3 0 2 5 4 6 7 1
0 22 0 3 2 0 5 6 4 7 1
0 22 0 0 3 7 2 5 6 4 1
0 22 0 3 7 0 2 5 6 4 1
0 22 0 1 3 6 2 5 4 7 0
0 22 0 1 3 0 6 5 4 7 2
0 22 0 1 3 2 0 5 4 7 6
0 22 0 1 6 2 3 5 4 7 0
0 22 0 1 6 0 2 5 4 7 3
0 22 0 1 0 6 3 5 4 7 2
0 22 0 6 2 3 0 5 4 7 1
0 22 0 4 2 0 3 5 6 7 1
0 23 0 3 0 6 7 5 4 2 1
0 23 0 3 6 7 0 5 4 2 1
0 23 0 3 6 2 0 5 4 1 7
0 23 0 3 6 0 7 5 4 1 2
0 23 0 0 6 2 7 5 4 1 3
0 23 0 6 0 2 5 3 4 7 1
0 23 0 4 6 2 5 3 0 7 1
0 23 0 3 6 2 5 1 4 0 7
0 23 0 3 6 0 5 1 4 7 2
0 23 0 0 6 2 5 1 4 7 3
0 23 0 3 4 2 5 6 0 7 1
0 23 0 0 3 2 5 6 4 7 1
0 23 0 0 3 6 1 5 4 7 2
0 23 0 1 3 6 7 5 4 0 2
0 23 0 1 3 6 5 0 4 7 2
0 23 0 1 3 7 2 5 4 0 6
0 23 0 0 6 2 1 5 4 7 3
0 23 0 1 6 2 7 5 4 0 3
0 23 0 1 6 2 5 0 4 7 3
0 23 0 1 6 7 3 5 4 0 2
0 23 0 0 4 2 3 5 6 7 1
0 24 0 3 6 2 7 0 5 4 1
0 24 0 3 6 2 7 0 4 1 5
0 24 0 3 6 2 5 4 7 0 1
0 24 0 0 6 7 3 5 4 1 2
0 24 0 3 6 1 2 5 4 0 7
0 24 0 3 0 6 2 5 4 1 7
0 24 0 6 0 7 2 5 4 1 3
0 24 0 2 6 7 0 5 4 1 3
0 24 0 4 6 7 2 5 0 1 3
0 24 0 1 3 0 2 5 4 6 7
0 24 0 1 3 6 2 5 0 4 7
0 24 0 1 3 6 2 4 0 7 5
0 24 0 1 0 6 2 3 4 7 5
0 24 0 1 3 6 0 2 4 7 5
0 24 0 3 0 6 2 5 4 7 1
0 24 0 2 3 6 0 5 4 7 1
0 24 0 4 3 6 2 5 0 7 1
0 24 0 1 6 0 3 5 4 2 7
0 24 0 1 6 2 3 5 0 4 7
0 24 0 1 6 2 3 4 0 7 5
0 24 0 1 0 2 3 6 4 7 5
0 24 0 1 6 2 0 3 4 7 5
0 24 0 6 0 2 3 5 4 7 1
0 24 0 3 6 2 0 5 4 7 1
0 24 0 4 6 2 3 5 0 7 1
0 24 0 6 2 7 3 5 4 0 1
0 24 0 6 0 2 3 5 4 7 1
0 24 0 4 6 2 3 5 0 7 1
0 24 0 2 0 3 6 5 4 7 1
0 24 0 6 2 0 1 5 4 7 3
0 24 0 4 0 2 1 5 6 7 3
0 24 0 1 4 3 2 5 0 7 6
0 24 0 1 6 3 2 5 4 7 0
0 24 0 4 2 3 0 5 6 7 1
0 25 0 3 6 7 5 0 4 1 2
0 25 0 5 6 7 2 0 4 1 3
0 25 0 0 3 6 2 1 4 7 5
0 25 0 5 3 6 2 0 4 7 1
0 25 0 0 6 2 3 1 4 7 5
0 25 0 5 6 2 3 0 4 7 1
0 25 0 2 3 0 1 5 4 7 6
0 25 0 0 4 6 2 5 3 7 1
0 25 0 4 6 0 2 5 3 7 1
0 25 0 3 6 0 1 5 4 7 2
0 25 0 3 6 0 1 5 4 7 2
0 25 0 3 4 6 1 5 0 7 2
0 25 0 3 6 0 1 5 4 7 2
0 25 0 3 6 1 2 5 4 7 0
0 25 0 3 6 0 1 5 4 7 2
0 25 0 0 6 1 3 5 4 7 2
0 25 0 6 4 2 1 5 0 7 3
0 25 0 3 6 0 1 5 4 7 2
0 25 0 3 6 0 1 5 4 7 2
0 25 0 3 6 0 1 5 4 7 2
0 25 0 0 1 3 2 5 4 7 6
0 25 0 1 3 0 2 5 4 7 6
0 25 0 1 6 0 3 5 4 7 2
0 25 0 0 6 3 1 5 4 7 2
0 25 0 1 6 3 7 5 4 0 2
0 25 0 1 6 3 5 0 4 7 2
0 25 0 1 0 3 6 5 4 7 2
0 25 0 6 2 3 1 5 4 7 0
0 25 0 0 2 3 6 5 4 7 1
0 25 0 0 2 3 4 5 6 7 1
