0 0 0 9 1 5 3 6 2 0 7 4 8
19 1 18 9 1 5 3 6 2 7 0 4 8
18 2 16 9 1 5 3 6 2 7 4 0 8
17 3 14 9 1 5 3 6 2 7 4 8 0
18 4 14 9 1 5 3 0 2 7 4 8 6
20 6 14 0 1 5 3 9 2 7 4 8 6
19 7 12 1 0 5 3 9 2 7 4 8 6
18 8 10 1 7 5 3 9 2 0 4 8 6
17 9 8 1 7 5 3 9 2 4 0 8 6
18 10 8 1 7 5 3 9 2 4 8 0 6
17 11 6 1 7 5 3 9 2 4 8 6 0
19 9 10 6 1 5 3 9 2 7 4 8 0
20 8 12 1 5 0 3 9 2 7 4 8 6
19 9 10 1 5 3 0 9 2 7 4 8 6
20 10 10 1 7 0 3 9 2 4 5 8 6
19 11 8 1 7 3 0 9 2 4 5 8 6
20 12 8 1 7 5 3 0 2 4 8 6 9
20 10 10 1 5 3 8 9 2 7 4 0 6
19 11 8 1 5 3 8 9 2 7 4 6 0
20 10 10 1 5 3 9 0 2 7 4 8 6
20 12 8 1 7 3 8 9 2 4 5 0 6
19 13 6 1 7 3 8 9 2 4 5 6 0
20 12 8 1 7 3 9 0 2 4 5 8 6
21 1 20 9 0 5 3 6 2 1 7 4 8
21 1 20 9 1 5 3 6 0 2 7 4 8
18 4 14 9 1 5 3 0 6 2 7 4 8
19 5 14 9 1 5 3 8 6 2 7 4 0
21 3 18 9 1 5 0 6 2 7 4 3 8
20 4 16 9 1 5 6 0 2 7 4 3 8
21 5 16 9 1 5 0 3 2 7 4 8 6
21 7 14 2 1 5 3 9 0 7 4 8 6
19 9 10 2 1 5 3 9 6 7 4 8 0
20 10 10 2 1 5 3 0 6 7 4 8 9
21 9 12 7 1 5 3 9 2 0 4 8 6
20 10 10 7 1 5 3 9 2 4 0 8 6
21 9 12 1 7 5 3 9 0 2 4 8 6
19 11 8 1 7 5 3 9 6 2 4 8 0
21 11 10 1 7 5 0 9 2 4 8 3 6
21 9 12 1 5 4 3 9 2 7 0 8 6
21 11 10 1 0 7 3 9 2 4 5 8 6
21 11 10 1 5 3 9 6 2 7 4 8 0
21 13 8 1 7 3 9 6 2 4 5 8 0
21 3 18 9 1 5 3 6 8 2 7 4 0
21 5 16 9 1 5 0 3 6 2 7 4 8
20 6 14 9 1 5 4 3 6 2 7 0 8
19 7 12 9 1 5 4 3 6 2 7 8 0
21 7 14 9 1 5 3 4 6 2 7 0 8
20 8 12 9 1 5 3 4 6 2 7 8 0
21 5 16 9 1 5 6 8 2 7 4 3 0
21 11 10 7 1 5 3 9 2 4 8 0 6
20 12 8 7 1 5 3 9 2 4 8 6 0
22 2 20 9 1 0 3 6 2 7 5 4 8
21 3 18 9 1 3 0 6 2 7 5 4 8
20 4 16 9 1 3 6 0 2 7 5 4 8
21 5 16 9 1 3 6 8 2 7 5 4 0
22 6 16 0 1 5 3 6 2 7 4 8 9
20 8 12 6 1 5 3 0 2 7 4 8 9
20 8 12 6 1 5 3 0 2 7 4 8 9
21 7 14 1 0 5 3 6 2 7 4 8 9
20 8 12 1 7 5 3 6 2 0 4 8 9
19 9 10 1 7 5 3 6 2 4 0 8 9
20 10 10 1 7 5 3 6 2 4 8 0 9
20 10 10 1 7 5 3 6 2 4 8 0 9
21 11 10 1 7 5 3 6 2 4 8 9 0
21 11 10 1 7 5 3 6 2 4 8 9 0
22 10 12 6 1 5 3 9 2 7 4 0 8
22 12 10 1 5 3 8 0 2 7 4 6 9
22 14 8 1 7 3 8 0 2 4 5 6 9
22 2 20 0 9 5 3 6 2 1 7 4 8
20 4 16 6 9 5 3 0 2 1 7 4 8
21 5 16 1 9 5 3 6 2 0 7 4 8
21 5 16 6 9 5 3 8 2 1 7 4 0
22 2 20 9 5 0 3 6 2 1 7 4 8
21 3 18 9 5 7 3 6 2 1 0 4 8
20 4 16 9 5 7 3 6 2 1 4 0 8
19 5 14 9 5 7 3 6 2 1 4 8 0
20 6 14 9 5 7 3 0 2 1 4 8 6
21 3 18 9 5 3 0 6 2 1 7 4 8
20 4 16 9 5 3 6 0 2 1 7 4 8
21 5 16 9 5 3 6 8 2 1 7 4 0
22 6 16 0 1 5 3 9 6 2 7 4 8
21 7 14 1 0 5 3 9 6 2 7 4 8
20 8 12 1 2 5 3 9 6 0 7 4 8
19 9 10 1 2 5 3 9 6 7 0 4 8
20 10 10 1 2 5 3 9 6 7 4 0 8
19 11 8 1 2 5 3 9 6 7 4 8 0
20 12 8 1 2 5 3 0 6 7 4 8 9
21 9 12 8 1 5 3 9 6 2 7 4 0
22 6 16 9 1 5 3 8 6 2 7 0 4
22 6 16 0 1 5 6 9 2 7 4 3 8
21 7 14 1 0 5 6 9 2 7 4 3 8
20 8 12 1 7 5 6 9 2 0 4 3 8
19 9 10 1 7 5 6 9 2 4 0 3 8
18 10 8 1 7 5 6 9 2 4 3 0 8
17 11 6 1 7 5 6 9 2 4 3 8 0
19 11 8 1 7 5 0 9 2 4 3 6 8
20 12 8 1 7 5 6 0 2 4 3 8 9
20 12 8 1 7 5 9 0 2 4 3 6 8
21 13 8 1 7 5 9 8 2 4 3 6 0
22 6 16 9 1 5 8 3 2 7 4 0 6
21 7 14 9 1 5 8 3 2 7 4 6 0
22 8 14 2 1 5 3 9 7 0 4 8 6
21 9 12 2 1 5 3 9 7 4 0 8 6
22 10 12 2 1 5 3 9 6 7 4 0 8
22 12 10 1 7 5 3 0 6 2 4 8 9
22 12 10 1 7 5 3 9 6 2 4 0 8
22 12 10 1 7 5 9 0 2 4 8 3 6
22 10 12 1 5 4 3 9 2 0 7 8 6
22 10 12 1 5 4 3 9 2 7 8 0 6
21 11 10 1 5 4 3 9 2 7 8 6 0
22 12 10 1 4 7 3 9 2 0 5 8 6
22 4 18 9 1 5 3 0 8 2 7 4 6
22 6 16 9 1 0 5 3 6 2 7 4 8
22 8 14 9 1 5 4 0 6 2 7 8 3
22 4 18 9 1 3 4 6 2 7 5 0 8
21 5 16 9 1 3 4 6 2 7 5 8 0
22 6 16 0 1 3 6 9 2 7 5 4 8
21 7 14 1 0 3 6 9 2 7 5 4 8
20 8 12 1 7 3 6 9 2 0 5 4 8
20 8 12 1 3 0 6 9 2 7 5 4 8
19 9 10 1 3 5 6 9 2 7 0 4 8
18 10 8 1 3 5 6 9 2 7 4 0 8
17 11 6 1 3 5 6 9 2 7 4 8 0
19 9 10 1 3 6 0 9 2 7 5 4 8
19 11 8 1 3 5 0 9 2 7 4 6 8
20 10 10 1 3 5 6 9 2 0 7 4 8
20 12 8 1 3 5 6 0 2 7 4 8 9
20 10 10 1 3 6 4 9 2 7 5 0 8
19 11 8 1 3 6 4 9 2 7 5 8 0
20 10 10 1 3 6 9 0 2 7 5 4 8
20 12 8 1 3 5 9 0 2 7 4 6 8
21 9 12 1 7 3 6 9 2 5 0 4 8
20 10 10 1 7 3 6 9 2 5 4 0 8
19 11 8 1 7 3 6 9 2 5 4 8 0
21 11 10 1 3 6 9 8 2 7 5 4 0
21 13 8 1 3 5 9 8 2 7 4 6 0
21 11 10 1 7 3 0 9 2 5 4 6 8
22 8 14 1 5 0 3 6 2 7 4 8 9
21 9 12 1 5 3 0 6 2 7 4 8 9
20 10 10 1 5 3 6 0 2 7 4 8 9
19 11 8 1 5 3 6 9 2 7 4 8 0
21 9 12 1 5 3 0 6 2 7 4 8 9
22 10 12 1 7 0 3 6 2 4 5 8 9
21 11 10 1 7 3 0 6 2 4 5 8 9
20 12 8 1 7 3 6 0 2 4 5 8 9
19 13 6 1 7 3 6 9 2 4 5 8 0
21 11 10 1 7 3 0 6 2 4 5 8 9
22 12 10 1 7 5 3 0 2 4 8 9 6
22 12 10 1 7 5 3 0 2 4 8 9 6
22 6 16 1 9 5 3 6 2 7 0 4 8
21 7 14 1 9 5 3 6 2 7 4 0 8
20 8 12 1 9 5 3 6 2 7 4 8 0
21 9 12 1 9 5 3 0 2 7 4 8 6
22 8 14 0 5 7 3 9 2 1 4 8 6
21 11 10 1 5 7 3 9 2 0 4 8 6
20 12 8 1 5 7 3 9 2 4 0 8 6
21 11 10 6 5 7 3 9 2 1 4 8 0
21 13 8 1 5 7 3 9 2 4 8 0 6
20 14 6 1 5 7 3 9 2 4 8 6 0
22 4 18 9 5 3 4 6 2 1 7 0 8
21 5 16 9 5 3 4 6 2 1 7 8 0
22 6 16 0 5 3 6 9 2 1 7 4 8
21 9 12 1 5 3 6 9 2 0 7 4 8
22 8 14 1 5 0 3 9 6 2 7 4 8
21 9 12 1 5 7 3 9 6 2 0 4 8
20 10 10 1 5 7 3 9 6 2 4 0 8
19 11 8 1 5 7 3 9 6 2 4 8 0
21 9 12 1 5 3 0 9 6 2 7 4 8
20 10 10 1 5 3 4 9 6 2 7 0 8
19 11 8 1 5 3 4 9 6 2 7 8 0
20 10 10 1 5 3 9 0 6 2 7 4 8
20 12 8 1 5 3 4 0 6 2 7 8 9
21 11 10 1 5 3 9 8 6 2 7 4 0
22 10 12 1 2 0 3 9 6 7 5 4 8
21 11 10 1 2 3 0 9 6 7 5 4 8
20 12 8 1 2 3 4 9 6 7 5 0 8
19 13 6 1 2 3 4 9 6 7 5 8 0
20 12 8 1 2 3 9 0 6 7 5 4 8
20 14 6 1 2 3 4 0 6 7 5 8 9
21 13 8 1 2 3 4 9 6 7 0 5 8
21 13 8 1 2 3 9 8 6 7 5 4 0
22 10 12 8 1 5 3 0 6 2 7 4 9
22 8 14 1 5 0 6 9 2 7 4 3 8
21 9 12 1 5 6 0 9 2 7 4 3 8
20 10 10 1 5 6 3 9 2 7 4 0 8
19 11 8 1 5 6 3 9 2 7 4 8 0
22 10 12 1 7 0 6 9 2 4 5 3 8
21 11 10 1 7 6 0 9 2 4 5 3 8
20 12 8 1 7 6 3 9 2 4 5 0 8
19 13 6 1 7 6 3 9 2 4 5 8 0
22 14 8 1 7 5 0 9 2 4 3 8 6
22 12 10 1 7 0 5 9 2 4 3 6 8
21 13 8 1 7 3 5 9 2 4 0 6 8
20 14 6 1 7 3 5 9 2 4 6 0 8
19 15 4 1 7 3 5 9 2 4 6 8 0
22 10 12 2 1 5 3 9 7 4 8 0 6
21 11 10 2 1 5 3 9 7 4 8 6 0
22 6 16 9 1 3 4 0 2 7 5 8 6
22 14 8 1 3 5 0 9 2 7 4 8 6
22 12 10 1 3 0 5 9 2 7 4 6 8
22 12 10 1 3 6 4 0 2 7 5 8 9
22 12 10 1 7 3 6 0 2 5 4 8 9
22 12 10 1 7 3 9 0 2 5 4 6 8
22 10 12 1 5 3 8 6 2 7 4 0 9
22 10 12 1 5 3 8 6 2 7 4 0 9
22 12 10 1 5 3 6 9 2 7 4 0 8
22 10 12 1 5 3 8 6 2 7 4 0 9
22 12 10 1 7 3 8 6 2 4 5 0 9
22 12 10 1 7 3 8 6 2 4 5 0 9
22 14 8 1 7 3 6 9 2 4 5 0 8
22 12 10 1 7 3 8 6 2 4 5 0 9
22 6 16 9 5 3 4 0 2 1 7 8 6
22 10 12 1 5 3 6 9 2 7 0 4 8
21 11 10 1 5 3 6 9 2 7 4 0 8
22 12 10 1 5 7 3 0 6 2 4 8 9
22 10 12 1 5 6 9 0 2 7 4 3 8
22 12 10 1 5 6 3 0 2 7 4 8 9
22 12 10 1 7 6 9 0 2 4 5 3 8
22 14 8 1 7 6 3 0 2 4 5 8 9
22 16 6 1 7 3 5 0 2 4 6 8 9
22 12 10 1 5 3 0 9 2 7 4 6 8
22 12 10 1 5 3 0 9 2 7 4 6 8
23 7 16 9 1 5 3 8 2 7 4 0 6
22 8 14 9 1 5 3 8 2 7 4 6 0
23 13 10 1 7 5 0 3 2 4 8 6 9
23 11 12 1 5 3 8 9 2 7 0 4 6
23 13 10 1 7 3 8 9 2 4 0 5 6
23 7 16 9 1 5 6 3 2 7 4 0 8
22 8 14 9 1 5 6 3 2 7 4 8 0
23 11 12 2 1 5 0 3 6 7 4 8 9
23 11 12 7 1 0 3 9 2 4 5 8 6
22 12 10 7 1 3 0 9 2 4 5 8 6
23 7 16 9 1 5 4 3 6 2 0 7 8
23 9 14 9 1 5 3 0 6 2 7 8 4
23 13 10 7 1 5 3 0 2 4 8 6 9
23 7 16 2 1 5 3 6 0 7 4 8 9
23 7 16 2 1 5 3 6 0 7 4 8 9
23 9 14 7 1 5 3 6 2 0 4 8 9
22 10 12 7 1 5 3 6 2 4 0 8 9
23 9 14 6 1 5 0 3 2 7 4 8 9
23 9 14 6 1 5 0 3 2 7 4 8 9
23 9 14 1 7 5 3 6 0 2 4 8 9
23 11 12 1 7 5 0 6 2 4 8 3 9
22 12 10 1 7 5 6 0 2 4 8 3 9
21 13 8 1 7 5 6 9 2 4 8 3 0
23 11 12 1 7 5 0 6 2 4 8 3 9
23 3 20 2 9 5 3 6 0 1 7 4 8
20 6 14 2 9 5 3 0 6 1 7 4 8
21 7 14 2 9 5 3 8 6 1 7 4 0
22 4 18 2 9 5 3 6 1 0 7 4 8
23 5 18 8 9 5 3 6 2 1 7 4 0
23 5 18 6 9 5 0 3 2 1 7 4 8
22 6 16 6 9 5 4 3 2 1 7 0 8
21 7 14 6 9 5 4 3 2 1 7 8 0
23 7 16 6 9 5 3 4 2 1 7 0 8
22 8 14 6 9 5 3 4 2 1 7 8 0
23 5 18 9 5 7 0 6 2 1 4 3 8
22 6 16 9 5 7 6 0 2 1 4 3 8
23 7 16 9 5 7 0 3 2 1 4 8 6
23 7 16 6 1 5 3 9 0 2 7 4 8
21 9 12 6 1 5 3 9 8 2 7 4 0
22 8 14 6 1 5 3 9 2 0 7 4 8
22 10 12 6 1 5 3 0 8 2 7 4 9
23 9 14 2 1 5 3 9 6 0 7 4 8
22 10 12 2 1 5 3 9 6 7 0 4 8
22 10 12 2 1 5 3 9 6 7 0 4 8
23 9 14 1 2 5 3 9 0 6 7 4 8
21 11 10 1 2 5 3 9 8 6 7 4 0
22 12 10 1 2 5 3 0 8 6 7 4 9
23 11 12 1 2 5 0 9 6 7 4 3 8
22 12 10 1 2 5 9 0 6 7 4 3 8
23 13 10 1 2 5 0 3 6 7 4 8 9
23 7 16 2 1 5 6 9 0 7 4 3 8
23 9 14 7 1 5 6 9 2 0 4 3 8
22 10 12 7 1 5 6 9 2 4 0 3 8
21 11 10 7 1 5 6 9 2 4 3 0 8
20 12 8 7 1 5 6 9 2 4 3 8 0
22 12 10 7 1 5 0 9 2 4 3 6 8
23 9 14 8 1 5 6 9 2 7 4 3 0
23 9 14 1 7 5 6 9 0 2 4 3 8
23 13 10 1 7 5 0 6 2 4 3 8 9
23 13 10 1 7 5 9 6 2 4 8 3 0
23 13 10 1 4 7 3 9 2 5 0 8 6
23 7 16 9 1 7 5 3 6 2 0 4 8
23 5 18 9 1 3 4 6 2 7 0 5 8
23 7 16 2 1 3 6 9 0 7 5 4 8
23 9 14 7 1 3 6 9 2 0 5 4 8
23 9 14 8 1 3 6 9 2 7 5 4 0
23 9 14 1 7 3 6 9 0 2 5 4 8
23 11 12 1 0 5 6 9 2 3 7 4 8
23 11 12 1 3 5 6 9 0 2 7 4 8
23 13 10 1 3 5 0 6 2 7 4 8 9
23 11 12 1 3 6 4 9 2 7 0 5 8
23 9 14 1 5 4 3 6 2 7 0 8 9
23 11 12 1 0 7 3 6 2 4 5 8 9
23 9 14 2 5 7 3 9 0 1 4 8 6
21 11 10 2 5 7 3 9 6 1 4 8 0
22 10 12 2 5 7 3 9 1 0 4 8 6
21 11 10 2 5 7 3 9 1 4 0 8 6
22 12 10 2 5 7 3 9 1 4 8 0 6
21 13 8 2 5 7 3 9 1 4 8 6 0
23 9 14 5 0 7 3 9 2 1 4 8 6
22 10 12 5 1 7 3 9 2 0 4 8 6
21 11 10 5 1 7 3 9 2 4 0 8 6
22 12 10 5 1 7 3 9 2 4 8 0 6
21 13 8 5 1 7 3 9 2 4 8 6 0
23 13 10 1 5 0 3 9 2 4 7 8 6
22 14 8 1 5 3 0 9 2 4 7 8 6
23 15 8 1 5 7 3 0 2 4 8 6 9
23 5 18 9 5 3 4 6 2 1 0 7 8
23 7 16 2 5 3 6 9 0 1 7 4 8
22 8 14 2 5 3 6 9 1 0 7 4 8
23 7 16 5 0 3 6 9 2 1 7 4 8
22 8 14 5 1 3 6 9 2 0 7 4 8
22 8 14 5 3 0 6 9 2 1 7 4 8
21 9 12 5 3 7 6 9 2 1 0 4 8
20 10 10 5 3 7 6 9 2 1 4 0 8
19 11 8 5 3 7 6 9 2 1 4 8 0
21 9 12 5 3 6 0 9 2 1 7 4 8
21 11 10 5 3 7 0 9 2 1 4 6 8
22 12 10 5 3 7 6 0 2 1 4 8 9
22 10 12 5 3 6 4 9 2 1 7 0 8
21 11 10 5 3 6 4 9 2 1 7 8 0
22 10 12 5 3 6 9 0 2 1 7 4 8
22 12 10 5 3 0 7 9 2 1 4 6 8
22 12 10 5 3 7 9 0 2 1 4 6 8
23 9 14 8 5 3 6 9 2 1 7 4 0
23 11 12 1 5 7 0 9 6 2 4 3 8
23 11 12 1 5 3 4 9 6 2 0 7 8
23 13 10 1 5 3 9 4 6 2 7 0 8
22 14 8 1 5 3 9 4 6 2 7 8 0
23 13 10 1 5 3 0 4 6 2 7 8 9
23 15 8 1 2 3 9 4 6 7 5 0 8
22 16 6 1 2 3 9 4 6 7 5 8 0
23 15 8 1 2 3 0 4 6 7 5 8 9
23 9 14 1 5 4 6 9 2 7 0 3 8
22 10 12 1 5 4 6 9 2 7 3 0 8
21 11 10 1 5 4 6 9 2 7 3 8 0
23 11 12 1 5 6 3 9 2 7 0 4 8
23 11 12 1 0 7 6 9 2 4 5 3 8
23 13 10 1 7 6 3 9 2 4 0 5 8
23 15 8 1 7 5 8 9 2 4 3 0 6
22 16 6 1 7 5 8 9 2 4 3 6 0
23 15 8 1 7 5 9 0 2 4 3 8 6
23 13 10 1 0 7 5 9 2 4 3 6 8
23 15 8 1 7 3 0 9 2 4 6 5 8
23 15 8 1 3 5 8 9 2 7 4 0 6
22 16 6 1 3 5 8 9 2 7 4 6 0
23 15 8 1 3 5 9 0 2 7 4 8 6
23 13 10 1 3 4 5 9 2 7 0 6 8
22 14 8 1 3 4 5 9 2 7 6 0 8
21 15 6 1 3 4 5 9 2 7 6 8 0
23 13 10 1 7 3 9 8 2 5 4 6 0
23 11 12 1 5 3 8 6 2 7 4 9 0
23 11 12 1 5 3 8 6 2 7 4 9 0
23 13 10 1 5 3 0 9 2 7 4 6 8
23 11 12 1 5 3 8 6 2 7 4 9 0
23 13 10 1 7 3 8 6 2 4 5 9 0
23 13 10 1 7 3 8 6 2 4 5 9 0
23 15 8 1 7 3 0 9 2 4 5 6 8
23 15 8 1 7 3 0 9 2 4 5 6 8
23 13 10 1 7 3 8 6 2 4 5 9 0
23 11 12 1 5 6 9 8 2 7 4 3 0
23 13 10 1 7 6 9 8 2 4 5 3 0
23 13 10 1 5 3 9 0 2 7 4 6 8
23 13 10 1 5 3 9 0 2 7 4 6 8
23 9 14 9 1 5 3 0 2 7 4 6 8
23 13 10 7 1 3 8 9 2 4 5 0 6
22 14 8 7 1 3 8 9 2 4 5 6 0
23 13 10 7 1 3 9 0 2 4 5 8 6
23 11 12 7 1 5 3 6 2 4 8 0 9
23 11 12 7 1 5 3 6 2 4 8 0 9
23 5 18 2 9 5 3 6 8 1 7 4 0
23 7 16 2 9 5 0 3 6 1 7 4 8
22 8 14 2 9 5 4 3 6 1 7 0 8
21 9 12 2 9 5 4 3 6 1 7 8 0
23 9 14 2 9 5 3 4 6 1 7 0 8
22 10 12 2 9 5 3 4 6 1 7 8 0
23 5 18 2 9 5 3 6 1 7 0 4 8
22 6 16 2 9 5 3 6 1 7 4 0 8
21 7 14 2 9 5 3 6 1 7 4 8 0
22 8 14 2 9 5 3 0 1 7 4 8 6
23 7 16 9 5 7 6 8 2 1 4 3 0
23 9 14 6 1 5 3 9 2 7 0 4 8
23 9 14 6 1 5 3 9 2 7 0 4 8
23 13 10 1 2 5 9 8 6 7 4 3 0
23 9 14 2 1 5 6 9 8 7 4 3 0
23 13 10 7 1 5 6 0 2 4 3 8 9
23 13 10 7 1 5 9 0 2 4 3 6 8
23 11 12 1 7 5 6 9 8 2 4 3 0
23 9 14 2 1 3 6 9 8 7 5 4 0
23 11 12 1 7 3 6 9 8 2 5 4 0
23 13 10 1 3 5 6 9 8 2 7 4 0
23 15 8 1 5 3 8 9 2 4 7 0 6
22 16 6 1 5 3 8 9 2 4 7 6 0
23 15 8 1 5 3 9 0 2 4 7 8 6
23 9 14 2 5 3 6 9 8 1 7 4 0
23 9 14 2 5 3 6 9 1 7 0 4 8
22 10 12 2 5 3 6 9 1 7 4 0 8
21 11 10 2 5 3 6 9 1 7 4 8 0
23 9 14 5 1 3 6 9 2 7 0 4 8
22 10 12 5 1 3 6 9 2 7 4 0 8
21 11 10 5 1 3 6 9 2 7 4 8 0
23 11 12 5 3 6 4 9 2 1 0 7 8
23 11 12 5 3 6 9 8 2 1 7 4 0
23 13 10 5 3 4 7 9 2 1 0 6 8
22 14 8 5 3 4 7 9 2 1 6 0 8
21 15 6 5 3 4 7 9 2 1 6 8 0
23 13 10 5 3 7 9 8 2 1 4 6 0
23 11 12 1 5 4 0 9 2 7 3 6 8
23 11 12 2 5 3 0 9 1 7 4 6 8
23 11 12 5 1 3 0 9 2 7 4 6 8
24 6 18 9 1 5 0 6 2 7 4 8 3
23 7 16 9 1 5 6 0 2 7 4 8 3
23 7 16 9 1 5 6 0 2 7 4 8 3
24 14 10 1 7 5 0 9 2 4 8 6 3
24 2 22 0 1 5 3 6 9 2 7 4 8
18 4 14 6 1 5 3 0 9 2 7 4 8
18 4 14 6 1 5 3 0 9 2 7 4 8
19 5 14 6 1 5 3 8 9 2 7 4 0
19 5 14 6 1 5 3 8 9 2 7 4 0
21 5 16 6 1 5 0 3 9 2 7 4 8
20 6 14 6 1 5 4 3 9 2 7 0 8
19 7 12 6 1 5 4 3 9 2 7 8 0
21 7 14 6 1 5 3 4 9 2 7 0 8
20 8 12 6 1 5 3 4 9 2 7 8 0
21 5 16 6 1 5 0 3 9 2 7 4 8
21 7 14 6 1 5 3 4 9 2 7 0 8
22 6 16 6 1 5 3 8 9 2 7 0 4
22 6 16 6 1 5 3 8 9 2 7 0 4
22 6 16 6 1 0 5 3 9 2 7 4 8
22 8 14 6 1 5 4 0 9 2 7 8 3
22 6 16 6 1 0 5 3 9 2 7 4 8
23 3 20 1 0 5 3 6 9 2 7 4 8
22 4 18 1 2 5 3 6 9 0 7 4 8
21 5 16 1 2 5 3 6 9 7 0 4 8
22 6 16 1 2 5 3 6 9 7 4 0 8
21 7 14 1 2 5 3 6 9 7 4 8 0
22 8 14 1 2 5 3 0 9 7 4 8 6
23 5 18 8 1 5 3 6 9 2 7 4 0
23 7 16 6 1 5 3 8 0 2 7 4 9
23 7 16 6 1 5 3 8 0 2 7 4 9
23 7 16 6 1 5 3 8 0 2 7 4 9
23 7 16 6 1 5 4 3 9 2 0 7 8
23 9 14 6 1 5 4 3 0 2 7 8 9
23 9 14 6 1 5 3 0 9 2 7 8 4
23 7 16 6 1 7 5 3 9 2 0 4 8
23 7 16 6 1 7 5 3 9 2 0 4 8
23 5 18 1 2 5 3 6 0 9 7 4 8
18 8 10 1 2 5 3 0 6 9 7 4 8
19 9 10 1 2 5 3 8 6 9 7 4 0
21 7 14 1 2 5 3 6 8 9 7 4 0
21 9 12 1 2 5 0 3 6 9 7 4 8
20 10 10 1 2 5 4 3 6 9 7 0 8
19 11 8 1 2 5 4 3 6 9 7 8 0
21 11 10 1 2 5 3 4 6 9 7 0 8
20 12 8 1 2 5 3 4 6 9 7 8 0
22 10 12 1 2 5 3 8 6 9 7 0 4
22 8 14 1 2 5 3 0 8 9 7 4 6
22 10 12 1 2 0 5 3 6 9 7 4 8
22 12 10 1 2 5 4 0 6 9 7 8 3
23 11 12 1 2 5 4 3 6 9 0 7 8
23 13 10 1 2 5 3 0 6 9 7 8 4
23 11 12 1 2 7 5 3 6 9 0 4 8
24 4 20 9 0 5 3 6 1 2 7 4 8
24 8 16 0 1 5 3 8 6 2 7 4 9
23 9 14 1 0 5 3 8 6 2 7 4 9
22 10 12 1 2 5 3 8 6 0 7 4 9
21 11 10 1 2 5 3 8 6 7 0 4 9
22 12 10 1 2 5 3 8 6 7 4 0 9
21 13 8 1 2 5 3 8 6 7 4 9 0
22 12 10 1 2 5 3 8 6 7 4 0 9
22 14 8 1 2 5 3 0 6 7 4 9 8
24 4 20 9 1 0 5 6 2 7 4 3 8
24 6 18 9 1 0 5 3 2 7 4 8 6
24 10 14 2 0 5 3 9 1 7 4 8 6
23 11 12 2 7 5 3 9 1 0 4 8 6
22 12 10 2 7 5 3 9 1 4 0 8 6
23 13 10 2 7 5 3 9 1 4 8 0 6
22 14 8 2 7 5 3 9 1 4 8 6 0
24 10 14 7 0 5 3 9 2 1 4 8 6
24 10 14 7 1 5 3 9 0 2 4 8 6
22 12 10 7 1 5 3 9 6 2 4 8 0
24 10 14 0 7 5 3 9 1 2 4 8 6
23 13 10 6 7 5 3 9 1 2 4 8 0
24 12 12 1 7 0 5 9 2 4 8 3 6
24 12 12 0 1 7 3 9 2 4 5 8 6
23 15 8 6 1 7 3 9 2 4 5 8 0
24 12 12 1 5 3 9 6 2 7 4 0 8
24 14 10 1 7 3 9 6 2 4 5 0 8
24 4 20 9 1 5 3 6 8 2 7 0 4
24 10 14 0 1 5 4 3 6 2 7 8 9
22 12 10 3 1 5 4 0 6 2 7 8 9
23 11 12 1 0 5 4 3 6 2 7 8 9
22 12 10 1 2 5 4 3 6 0 7 8 9
21 13 8 1 2 5 4 3 6 7 0 8 9
20 14 6 1 2 5 4 3 6 7 8 0 9
19 15 4 1 2 5 4 3 6 7 8 9 0
22 16 6 1 2 5 4 0 6 7 8 9 3
23 13 10 3 1 5 4 9 6 2 7 8 0
23 15 8 1 2 5 0 3 6 7 8 4 9
22 16 6 1 2 5 3 0 6 7 8 4 9
23 17 6 1 2 5 3 9 6 7 8 4 0
24 8 16 9 1 5 0 4 6 2 7 3 8
23 9 14 9 1 5 4 0 6 2 7 3 8
24 8 16 9 1 5 3 4 6 2 0 7 8
24 6 18 9 1 5 6 8 2 7 4 0 3
24 12 12 7 1 5 0 9 2 4 8 3 6
24 6 18 9 1 3 6 8 2 7 5 0 4
24 6 18 1 0 5 3 6 2 9 7 4 8
24 6 18 1 9 5 3 6 0 2 7 4 8
21 9 12 1 9 5 3 0 6 2 7 4 8
22 10 12 1 9 5 3 8 6 2 7 4 0
24 6 18 6 9 5 3 8 2 1 7 0 4
24 4 20 9 5 7 3 6 2 0 1 4 8
24 8 16 0 5 7 3 6 2 1 4 8 9
22 10 12 6 5 7 3 0 2 1 4 8 9
22 10 12 6 5 7 3 0 2 1 4 8 9
23 11 12 1 5 7 3 6 2 0 4 8 9
22 12 10 1 5 7 3 6 2 4 0 8 9
23 13 10 1 5 7 3 6 2 4 8 0 9
23 13 10 1 5 7 3 6 2 4 8 0 9
24 6 18 9 5 3 6 8 2 1 7 0 4
24 10 14 8 1 5 3 9 6 2 7 0 4
24 14 10 1 7 5 9 8 2 4 3 0 6
24 8 16 9 1 5 8 0 2 7 4 6 3
24 10 14 2 1 0 3 9 7 4 5 8 6
23 11 12 2 1 3 0 9 7 4 5 8 6
24 12 12 1 5 4 3 0 2 7 8 6 9
24 6 18 0 1 5 3 9 8 2 7 4 6
23 7 16 1 0 5 3 9 8 2 7 4 6
24 14 10 1 3 6 0 9 2 7 5 8 4
24 10 14 1 7 0 6 9 2 5 3 4 8
23 11 12 1 7 6 0 9 2 5 3 4 8
24 14 10 1 7 3 0 9 2 5 4 8 6
24 12 12 1 3 6 9 8 2 7 5 0 4
24 14 10 1 3 5 9 8 2 7 4 0 6
24 12 12 1 7 0 3 9 2 5 4 6 8
24 8 16 1 9 5 0 6 2 7 4 3 8
23 9 14 1 9 5 6 0 2 7 4 3 8
24 10 14 1 9 5 0 3 2 7 4 8 6
24 12 12 1 0 7 3 9 2 5 4 8 6
24 12 12 1 5 7 3 9 0 2 4 8 6
24 12 12 6 5 7 3 9 2 1 4 0 8
24 14 10 1 5 7 0 9 2 4 8 3 6
24 10 14 1 0 3 6 9 2 5 7 4 8
23 11 12 1 3 0 6 9 2 5 7 4 8
22 12 10 1 3 7 6 9 2 5 0 4 8
21 13 8 1 3 7 6 9 2 5 4 0 8
20 14 6 1 3 7 6 9 2 5 4 8 0
22 12 10 1 3 6 0 9 2 5 7 4 8
22 14 8 1 3 7 0 9 2 5 4 6 8
23 13 10 1 3 7 6 9 2 0 5 4 8
23 15 8 1 3 7 6 0 2 5 4 8 9
23 13 10 1 3 6 4 9 2 5 7 0 8
22 14 8 1 3 6 4 9 2 5 7 8 0
23 13 10 1 3 6 9 0 2 5 7 4 8
23 15 8 1 3 0 7 9 2 5 4 6 8
23 15 8 1 3 7 9 0 2 5 4 6 8
24 10 14 1 5 3 6 9 0 2 7 4 8
24 10 14 1 5 7 3 9 6 0 2 4 8
24 12 12 1 5 3 9 8 6 2 7 0 4
24 14 10 1 2 0 4 9 6 7 3 5 8
24 14 10 1 2 3 4 9 6 0 7 5 8
24 14 10 1 2 3 9 8 6 7 5 0 4
24 14 10 1 7 3 5 9 2 0 4 6 8
24 12 12 2 1 5 3 0 7 4 8 6 9
24 8 16 0 1 3 4 9 2 7 5 8 6
21 11 10 6 1 3 4 9 2 7 5 8 0
22 12 10 6 1 3 4 0 2 7 5 8 9
23 9 14 1 0 3 4 9 2 7 5 8 6
22 10 12 1 7 3 4 9 2 0 5 8 6
22 10 12 1 3 0 4 9 2 7 5 8 6
21 11 10 1 3 5 4 9 2 7 0 8 6
21 11 10 1 3 4 0 9 2 7 5 8 6
22 12 10 1 3 5 4 9 2 0 7 8 6
22 12 10 1 3 5 4 9 2 7 8 0 6
21 13 8 1 3 5 4 9 2 7 8 6 0
22 12 10 1 3 4 8 9 2 7 5 0 6
21 13 8 1 3 4 8 9 2 7 5 6 0
22 12 10 1 3 4 9 0 2 7 5 8 6
23 11 12 1 7 3 4 9 2 5 0 8 6
23 13 10 1 3 5 0 9 2 7 8 4 6
23 13 10 1 3 4 9 6 2 7 5 8 0
24 8 16 0 5 3 4 9 2 1 7 8 6
23 11 12 1 5 3 4 9 2 0 7 8 6
23 11 12 6 5 3 4 9 2 1 7 8 0
24 14 10 1 7 5 6 3 2 4 8 0 9
24 12 12 1 5 3 8 9 2 0 7 4 6
24 8 16 9 1 5 0 3 2 7 4 6 8
24 8 16 9 1 5 0 3 2 7 4 6 8
24 12 12 2 1 5 8 3 6 7 4 0 9
23 13 10 2 1 5 8 3 6 7 4 9 0
24 12 12 2 1 0 5 3 6 7 4 8 9
23 13 10 2 1 4 5 3 6 7 0 8 9
22 14 8 2 1 4 5 3 6 7 8 0 9
21 15 6 2 1 4 5 3 6 7 8 9 0
24 8 16 2 1 5 3 6 7 0 4 8 9
23 9 14 2 1 5 3 6 7 4 0 8 9
24 8 16 2 1 5 3 6 7 0 4 8 9
24 10 14 6 1 5 8 3 2 7 4 0 9
23 11 12 6 1 5 8 3 2 7 4 9 0
24 10 14 6 1 0 5 3 2 7 4 8 9
23 11 12 6 1 4 5 3 2 7 0 8 9
22 12 10 6 1 4 5 3 2 7 8 0 9
21 13 8 6 1 4 5 3 2 7 8 9 0
24 10 14 6 1 5 8 3 2 7 4 0 9
24 10 14 6 1 0 5 3 2 7 4 8 9
24 14 10 1 7 5 6 9 2 4 8 0 3
24 8 16 2 9 5 3 8 6 1 7 0 4
24 6 18 8 9 5 3 0 2 1 7 4 6
24 6 18 6 9 0 5 3 2 1 7 4 8
24 8 16 6 9 5 4 0 2 1 7 8 3
24 6 18 9 5 0 7 6 2 1 4 3 8
24 8 16 0 5 7 6 9 2 1 4 3 8
23 11 12 1 5 7 6 9 2 0 4 3 8
22 12 10 1 5 7 6 9 2 4 0 3 8
21 13 8 1 5 7 6 9 2 4 3 0 8
20 14 6 1 5 7 6 9 2 4 3 8 0
22 14 8 1 5 7 0 9 2 4 3 6 8
23 15 8 1 5 7 6 0 2 4 3 8 9
23 15 8 1 5 0 7 9 2 4 3 6 8
22 16 6 1 5 3 7 9 2 4 0 6 8
21 17 4 1 5 3 7 9 2 4 6 0 8
20 18 2 1 5 3 7 9 2 4 6 8 0
23 15 8 1 5 7 9 0 2 4 3 6 8
23 19 4 1 5 3 7 0 2 4 6 8 9
24 8 16 9 5 7 8 3 2 1 4 0 6
23 9 14 9 5 7 8 3 2 1 4 6 0
24 8 16 9 5 0 7 3 2 1 4 8 6
24 10 14 6 1 5 3 9 8 2 7 0 4
24 10 14 2 1 5 3 9 0 6 7 4 8
24 12 12 1 0 5 3 9 2 6 7 4 8
24 12 12 1 2 5 3 0 9 6 7 4 8
24 12 12 1 2 5 3 9 8 6 7 0 4
24 12 12 1 2 0 5 9 6 7 4 3 8
23 13 10 1 2 4 5 9 6 7 0 3 8
22 14 8 1 2 4 5 9 6 7 3 0 8
21 15 6 1 2 4 5 9 6 7 3 8 0
22 16 6 1 2 4 5 0 6 7 3 8 9
23 17 6 1 2 4 0 5 6 7 3 8 9
24 14 10 1 2 5 8 3 6 7 4 0 9
23 15 8 1 2 5 8 3 6 7 4 9 0
24 14 10 1 2 0 5 3 6 7 4 8 9
23 15 8 1 2 4 5 3 6 7 0 8 9
22 16 6 1 2 4 5 3 6 7 8 0 9
21 17 4 1 2 4 5 3 6 7 8 9 0
24 8 16 2 1 5 6 9 7 0 4 3 8
23 9 14 2 1 5 6 9 7 4 0 3 8
22 10 12 2 1 5 6 9 7 4 3 0 8
21 11 10 2 1 5 6 9 7 4 3 8 0
23 11 12 2 1 5 0 9 7 4 3 6 8
24 14 10 1 7 5 8 6 2 4 3 0 9
24 14 10 1 4 7 3 9 2 5 8 0 6
23 15 8 1 4 7 3 9 2 5 8 6 0
24 8 16 9 1 7 5 3 6 2 4 0 8
23 9 14 9 1 7 5 3 6 2 4 8 0
24 8 16 2 1 3 6 9 7 0 5 4 8
24 10 14 7 1 3 6 9 2 5 0 4 8
23 11 12 7 1 3 6 9 2 5 4 0 8
22 12 10 7 1 3 6 9 2 5 4 8 0
24 12 12 1 5 0 6 9 2 3 7 4 8
23 13 10 1 5 7 6 9 2 3 0 4 8
22 14 8 1 5 7 6 9 2 3 4 0 8
21 15 6 1 5 7 6 9 2 3 4 8 0
23 13 10 1 5 6 0 9 2 3 7 4 8
23 15 8 1 5 7 0 9 2 3 4 6 8
24 14 10 1 3 5 8 6 2 7 4 0 9
24 12 12 1 3 0 4 9 2 7 6 5 8
23 13 10 1 3 4 0 9 2 7 6 5 8
23 13 10 1 3 4 0 9 2 7 6 5 8
24 12 12 1 3 6 4 9 2 0 7 5 8
24 10 14 1 5 4 3 6 2 0 7 8 9
24 10 14 1 5 4 3 6 2 7 8 0 9
23 11 12 1 5 4 3 6 2 7 8 9 0
24 12 12 1 4 7 3 6 2 0 5 8 9
24 12 12 2 5 7 3 0 6 1 4 8 9
24 12 12 2 5 7 3 9 6 1 4 0 8
24 12 12 2 5 0 3 9 1 4 7 8 6
23 13 10 2 5 3 0 9 1 4 7 8 6
24 14 10 2 5 7 3 0 1 4 8 6 9
24 10 14 5 7 0 3 9 2 1 4 8 6
23 11 12 5 7 3 0 9 2 1 4 8 6
24 12 12 5 1 0 3 9 2 4 7 8 6
23 13 10 5 1 3 0 9 2 4 7 8 6
24 14 10 5 1 7 3 0 2 4 8 6 9
24 14 10 1 0 5 3 9 2 4 7 8 6
24 10 14 5 3 7 6 9 2 0 1 4 8
24 14 10 5 3 7 0 9 2 1 4 8 6
24 12 12 5 3 6 4 0 2 1 7 8 9
24 12 12 1 5 0 7 9 6 2 4 3 8
24 12 12 1 5 7 9 0 6 2 4 3 8
24 14 10 1 5 3 0 4 6 2 7 9 8
23 15 8 1 5 3 4 0 6 2 7 9 8
24 14 10 1 5 3 8 4 6 2 7 0 9
23 15 8 1 5 3 8 4 6 2 7 9 0
24 16 8 1 2 3 0 4 6 7 5 9 8
23 17 6 1 2 3 4 0 6 7 5 9 8
24 16 8 1 2 3 9 4 6 7 0 5 8
24 16 8 1 2 3 8 4 6 7 5 0 9
23 17 6 1 2 3 8 4 6 7 5 9 0
24 10 14 1 5 4 6 9 2 0 7 3 8
24 12 12 1 5 4 6 0 2 7 3 8 9
24 12 12 1 5 0 3 9 2 7 6 4 8
23 13 10 1 5 3 0 9 2 7 6 4 8
24 12 12 1 5 6 3 9 2 0 7 4 8
24 12 12 1 4 7 6 9 2 0 5 3 8
24 14 10 1 7 0 3 9 2 4 6 5 8
24 16 8 1 7 5 9 6 2 4 3 8 0
24 14 10 1 4 7 5 9 2 0 3 6 8
23 15 8 1 4 7 5 9 2 3 0 6 8
22 16 6 1 4 7 5 9 2 3 6 0 8
21 17 4 1 4 7 5 9 2 3 6 8 0
24 16 8 1 7 3 9 0 2 4 6 5 8
24 16 8 1 3 5 9 6 2 7 4 8 0
24 14 10 1 3 4 5 9 2 0 7 6 8
24 16 8 1 3 4 5 0 2 7 6 8 9
24 12 12 1 5 3 8 0 2 7 4 9 6
24 12 12 1 5 3 8 0 2 7 4 9 6
24 12 12 1 5 3 8 0 2 7 4 9 6
24 14 10 1 7 3 8 0 2 4 5 9 6
24 14 10 1 7 3 8 0 2 4 5 9 6
24 16 8 1 7 3 9 0 2 4 5 6 8
24 16 8 1 7 3 9 0 2 4 5 6 8
24 14 10 1 7 3 8 0 2 4 5 9 6
24 14 10 1 5 3 9 8 2 7 4 6 0
24 14 10 1 5 3 9 8 2 7 4 6 0
24 14 10 7 1 3 9 6 2 4 5 8 0
24 12 12 7 1 5 3 6 2 4 8 9 0
24 12 12 7 1 5 3 6 2 4 8 9 0
24 6 18 2 9 5 3 0 8 1 7 4 6
24 8 16 2 9 0 5 3 6 1 7 4 8
24 10 14 2 9 5 4 0 6 1 7 8 3
24 14 10 7 1 5 9 8 2 4 3 6 0
24 10 14 2 1 3 6 0 8 7 5 4 9
24 16 8 1 5 3 8 9 2 4 0 7 6
24 16 8 1 5 3 9 6 2 4 7 8 0
24 12 12 2 5 3 6 0 1 7 4 8 9
24 12 12 5 1 3 6 0 2 7 4 8 9
24 12 12 5 3 0 4 9 2 1 6 7 8
23 13 10 5 3 4 0 9 2 1 6 7 8
23 13 10 5 3 4 0 9 2 1 6 7 8
24 16 8 5 3 4 7 0 2 1 6 8 9
24 12 12 1 5 4 9 0 2 7 3 6 8
24 12 12 2 5 3 9 0 1 7 4 6 8
24 12 12 5 1 3 9 0 2 7 4 6 8
24 8 16 6 1 5 0 4 9 2 7 3 8
23 9 14 6 1 5 4 0 9 2 7 3 8
24 8 16 6 1 5 3 4 9 2 0 7 8
24 10 14 6 1 5 3 4 0 2 7 8 9
24 8 16 6 1 5 0 4 9 2 7 3 8
24 8 16 6 1 5 3 4 9 2 0 7 8
24 4 20 1 5 0 3 6 9 2 7 4 8
23 5 18 1 5 7 3 6 9 2 0 4 8
22 6 16 1 5 7 3 6 9 2 4 0 8
21 7 14 1 5 7 3 6 9 2 4 8 0
22 8 14 1 5 7 3 0 9 2 4 8 6
22 8 14 1 5 7 3 0 9 2 4 8 6
23 5 18 1 5 3 0 6 9 2 7 4 8
22 6 16 1 5 3 6 0 9 2 7 4 8
22 6 16 1 5 3 4 6 9 2 7 0 8
21 7 14 1 5 3 4 6 9 2 7 8 0
22 6 16 1 5 3 6 0 9 2 7 4 8
22 8 14 1 5 3 4 0 9 2 7 8 6
23 9 14 1 5 7 3 6 0 2 4 8 9
22 10 12 1 5 7 3 6 2 0 4 8 9
21 11 10 1 5 7 3 6 2 4 0 8 9
22 12 10 1 5 7 3 6 2 4 8 0 9
23 9 14 1 5 7 3 6 0 2 4 8 9
23 11 12 1 5 7 3 9 0 2 4 8 6
23 11 12 1 5 7 3 9 0 2 4 8 6
23 7 16 1 5 3 6 8 9 2 7 4 0
23 9 14 1 5 3 6 9 0 2 7 4 8
23 7 16 1 5 3 6 8 9 2 7 4 0
23 9 14 1 5 3 6 9 0 2 7 4 8
23 13 10 1 5 7 3 6 2 4 8 9 0
23 13 10 1 5 7 3 6 2 4 8 9 0
23 11 12 1 5 3 6 9 8 2 7 4 0
23 11 12 1 5 3 6 9 8 2 7 4 0
23 11 12 1 5 3 6 9 8 2 7 4 0
24 6 18 1 2 0 3 6 9 7 5 4 8
23 7 16 1 2 3 0 6 9 7 5 4 8
22 8 14 1 2 3 4 6 9 7 5 0 8
21 9 12 1 2 3 4 6 9 7 5 8 0
22 8 14 1 2 3 6 0 9 7 5 4 8
22 10 12 1 2 3 4 0 9 7 5 8 6
23 9 14 1 2 3 4 6 9 7 0 5 8
23 9 14 1 2 3 6 8 9 7 5 4 0
24 6 18 8 1 5 3 0 9 2 7 4 6
24 8 16 0 1 5 3 8 6 2 7 4 9
24 8 16 6 1 5 3 8 2 0 7 4 9
23 9 14 6 1 5 3 8 2 7 0 4 9
24 8 16 0 1 5 3 8 6 2 7 4 9
24 8 16 6 1 5 3 8 2 0 7 4 9
24 8 16 0 1 5 3 8 6 2 7 4 9
24 8 16 6 1 5 3 8 2 0 7 4 9
24 10 14 0 1 5 4 3 6 2 7 8 9
24 10 14 6 1 5 4 3 2 0 7 8 9
23 11 12 6 1 5 4 3 2 7 0 8 9
22 12 10 6 1 5 4 3 2 7 8 0 9
21 13 8 6 1 5 4 3 2 7 8 9 0
24 12 12 6 1 5 4 0 3 2 7 8 9
24 8 16 6 1 7 5 3 9 2 4 0 8
23 9 14 6 1 7 5 3 9 2 4 8 0
24 8 16 6 1 7 5 3 9 2 4 0 8
24 8 16 1 2 5 3 6 8 9 7 0 4
24 12 12 1 2 5 0 4 6 9 7 3 8
23 13 10 1 2 5 4 0 6 9 7 3 8
24 12 12 1 2 5 3 4 6 9 0 7 8
24 12 12 1 2 5 4 3 6 0 9 7 8
24 12 12 1 2 7 5 3 6 0 9 4 8
24 12 12 1 2 7 5 3 6 9 4 0 8
23 13 10 1 2 7 5 3 6 9 4 8 0
24 10 14 1 5 0 3 8 6 2 7 4 9
23 11 12 1 5 3 0 8 6 2 7 4 9
22 12 10 1 5 3 4 8 6 2 7 0 9
21 13 8 1 5 3 4 8 6 2 7 9 0
21 13 8 1 5 3 4 8 6 2 7 9 0
22 12 10 1 5 3 4 8 6 2 7 0 9
22 12 10 1 5 3 8 0 6 2 7 4 9
22 14 8 1 5 3 4 0 6 2 7 9 8
22 14 8 1 5 3 4 0 6 2 7 9 8
23 11 12 1 5 3 0 8 6 2 7 4 9
23 13 10 1 5 3 8 9 6 2 7 4 0
24 12 12 1 2 0 3 8 6 7 5 4 9
23 13 10 1 2 3 0 8 6 7 5 4 9
22 14 8 1 2 3 4 8 6 7 5 0 9
21 15 6 1 2 3 4 8 6 7 5 9 0
21 15 6 1 2 3 4 8 6 7 5 9 0
22 14 8 1 2 3 4 8 6 7 5 0 9
22 14 8 1 2 3 8 0 6 7 5 4 9
22 16 6 1 2 3 4 0 6 7 5 9 8
22 16 6 1 2 3 4 0 6 7 5 9 8
23 13 10 1 2 3 0 8 6 7 5 4 9
23 15 8 1 2 3 4 8 6 7 0 5 9
23 15 8 1 2 3 4 8 6 7 0 5 9
23 15 8 1 2 3 8 9 6 7 5 4 0
24 12 12 1 5 0 4 3 6 2 7 8 9
24 14 10 1 2 0 4 3 6 7 5 8 9
24 16 8 1 2 0 5 3 6 7 8 4 9
24 10 14 9 1 5 4 8 6 2 7 3 0
24 8 16 1 9 5 3 6 8 2 7 4 0
24 10 14 1 9 5 0 3 6 2 7 4 8
23 11 12 1 9 5 4 3 6 2 7 0 8
22 12 10 1 9 5 4 3 6 2 7 8 0
24 12 12 1 9 5 3 4 6 2 7 0 8
23 13 10 1 9 5 3 4 6 2 7 8 0
24 14 10 1 5 7 3 6 2 4 8 9 0
24 12 12 2 1 3 8 9 7 4 5 0 6
23 13 10 2 1 3 8 9 7 4 5 6 0
24 12 12 2 1 3 9 0 7 4 5 8 6
24 8 16 1 2 5 3 9 8 0 7 4 6
23 9 14 1 2 5 3 9 8 7 0 4 6
24 8 16 1 5 0 3 9 8 2 7 4 6
23 9 14 1 5 3 0 9 8 2 7 4 6
23 9 14 1 5 7 3 9 8 2 0 4 6
22 10 12 1 5 7 3 9 8 2 4 0 6
21 11 10 1 5 7 3 9 8 2 4 6 0
23 9 14 1 5 3 0 9 8 2 7 4 6
24 12 12 1 7 6 4 9 2 5 3 0 8
23 13 10 1 7 6 4 9 2 5 3 8 0
24 12 12 1 7 6 9 0 2 5 3 4 8
24 10 14 1 9 5 6 8 2 7 4 3 0
24 14 10 1 3 6 4 9 2 5 0 7 8
24 14 10 1 3 6 9 8 2 5 7 4 0
24 16 8 1 3 4 7 9 2 5 0 6 8
23 17 6 1 3 4 7 9 2 5 6 0 8
22 18 4 1 3 4 7 9 2 5 6 8 0
24 16 8 1 3 7 9 8 2 5 4 6 0
24 12 12 6 1 3 4 9 2 7 5 0 8
24 14 10 1 3 5 4 0 2 7 8 6 9
24 14 10 1 3 4 8 0 2 7 5 6 9
24 12 12 1 7 3 4 9 2 5 8 0 6
23 13 10 1 7 3 4 9 2 5 8 6 0
24 14 10 1 3 5 9 0 2 7 8 4 6
24 12 12 1 5 3 4 9 2 7 0 8 6
24 12 12 6 5 3 4 0 2 1 7 8 9
24 16 8 2 1 4 5 0 6 7 8 9 3
24 10 14 2 1 5 3 6 7 4 8 0 9
24 10 14 2 1 5 3 6 7 4 8 0 9
24 14 10 6 1 4 5 0 2 7 8 9 3
24 16 8 1 0 5 7 9 2 4 3 6 8
24 18 6 1 5 3 0 9 2 4 6 7 8
24 16 8 1 5 7 9 8 2 4 3 6 0
24 12 12 2 1 5 3 9 8 6 7 4 0
24 18 6 1 2 4 8 5 6 7 3 0 9
23 19 4 1 2 4 8 5 6 7 3 9 0
24 18 6 1 2 0 4 5 6 7 3 8 9
23 19 4 1 2 3 4 5 6 7 0 8 9
22 20 2 1 2 3 4 5 6 7 8 0 9
