0 0 0 6 7 2 0 1 4 3 5
0 12 0 6 7 2 5 1 4 3 0
0 14 0 6 7 2 3 1 4 0 5
0 13 0 6 7 2 3 1 4 5 0
0 15 0 6 7 2 5 1 4 0 3
0 15 0 6 7 0 5 1 4 3 2
0 13 0 6 7 3 5 1 4 0 2
0 11 0 6 7 3 5 1 4 2 0
0 13 0 6 7 5 0 1 4 3 2
0 13 0 6 7 3 0 1 4 2 5
0 13 0 0 7 3 5 1 4 2 6
0 11 0 1 7 3 5 0 4 2 6
0 9 0 1 7 3 5 6 4 2 0
0 10 0 1 7 3 0 6 4 2 5
0 10 0 1 7 3 5 6 4 0 2
0 10 0 1 7 3 5 0 4 2 6
0 11 0 5 7 3 0 1 4 2 6
0 11 0 1 7 3 5 4 0 2 6
0 9 0 1 7 3 5 4 2 0 6
0 6 0 1 7 3 5 4 2 6 0
0 8 0 1 7 3 0 4 2 6 5
0 8 0 1 7 3 5 4 2 0 6
0 10 0 1 7 0 5 4 2 3 6
0 9 0 1 7 5 0 4 2 3 6
0 8 0 1 7 5 6 4 2 3 0
0 8 0 1 7 5 3 4 2 0 6
0 6 0 1 7 5 3 4 2 6 0
0 8 0 1 7 5 0 4 2 3 6
0 8 0 1 7 5 0 4 2 6 3
0 10 0 1 7 3 5 4 0 2 6
0 10 0 1 7 3 5 0 2 6 4
0 7 0 1 7 3 0 5 2 6 4
0 4 0 1 7 3 4 5 2 6 0
0 6 0 1 7 3 0 5 2 6 4
0 6 0 1 7 3 4 5 2 0 6
0 8 0 1 7 0 3 5 2 6 4
0 6 0 1 7 3 0 5 2 6 4
0 8 0 1 7 3 6 5 2 0 4
0 8 0 1 7 0 4 5 2 6 3
0 8 0 1 7 0 3 5 2 6 4
0 6 0 1 7 3 0 5 2 6 4
0 8 0 1 7 3 6 5 2 0 4
0 8 0 1 7 0 4 5 2 3 6
0 8 0 1 7 3 4 5 0 2 6
0 8 0 1 7 6 3 5 2 0 4
0 8 0 1 0 7 3 5 2 6 4
0 6 0 1 2 7 3 5 0 6 4
0 4 0 1 2 7 3 5 6 0 4
0 4 0 1 2 0 3 5 6 7 4
0 2 0 1 2 3 0 5 6 7 4
