0 0 0 5 7 2 1 6 4 3 0
0 14 0 5 7 2 0 6 4 3 1
0 14 0 5 7 2 1 6 4 0 3
0 15 0 5 7 2 3 6 4 0 1
0 13 0 5 7 2 3 6 4 1 0
0 15 0 5 7 2 1 6 0 4 3
0 15 0 5 7 2 3 6 0 4 1
0 15 0 5 7 2 0 6 4 1 3
0 15 0 5 0 2 1 6 7 4 3
0 13 0 5 2 0 1 6 7 4 3
0 11 0 5 2 4 1 6 7 0 3
0 9 0 5 2 4 1 6 7 3 0
0 10 0 5 2 4 0 6 7 3 1
0 10 0 5 2 4 1 6 7 0 3
0 10 0 5 2 0 1 6 7 3 4
0 9 0 5 2 3 1 6 7 0 4
0 8 0 5 2 3 1 6 0 7 4
0 8 0 5 2 3 1 6 7 4 0
0 8 0 5 2 3 1 0 6 7 4
0 4 0 5 2 3 0 1 6 7 4
0 2 0 5 2 3 4 1 6 7 0
0 4 0 5 2 3 4 1 6 0 7
0 6 0 5 2 0 3 1 6 7 4
0 6 0 5 2 3 7 1 6 0 4
0 6 0 5 2 0 4 1 6 7 3
0 6 0 5 2 0 4 1 6 3 7
0 6 0 5 2 3 4 1 0 6 7
0 6 0 5 2 7 3 1 6 0 4
0 6 0 5 2 3 7 1 6 4 0
0 6 0 5 2 7 4 1 6 0 3
0 4 0 5 2 7 4 1 6 3 0
0 6 0 5 2 4 0 1 6 7 3
0 4 0 5 2 4 3 1 6 7 0
0 6 0 5 2 4 0 1 6 3 7
0 6 0 5 2 7 3 1 6 4 0
0 6 0 5 2 3 0 1 6 4 7
0 6 0 5 2 7 0 1 6 3 4
0 6 0 5 2 4 3 1 6 0 7
0 6 0 5 2 4 7 1 6 3 0
0 6 0 5 2 4 3 1 6 0 7
0 8 0 5 2 3 1 6 7 0 4
0 8 0 5 2 3 1 6 7 0 4
0 8 0 0 2 3 1 5 6 7 4
0 2 0 1 2 3 0 5 6 7 4
