0 0 0 14 3 15 5 13 11 8 4 10 6 1 2 7 12 0 9
1 1 0 14 3 15 5 13 11 8 4 10 6 1 2 7 12 9 0
2 1 1 14 3 15 5 13 11 8 4 10 6 0 2 7 12 1 9
2 1 1 14 3 15 5 13 11 8 4 10 6 1 2 7 0 12 9
3 2 1 14 3 15 5 13 11 8 4 10 6 1 0 7 12 9 2
3 2 1 14 3 15 5 13 11 0 4 10 6 8 2 7 12 1 9
3 2 1 14 3 15 5 13 11 8 4 10 0 6 2 7 12 1 9
3 2 1 14 3 15 5 13 11 8 4 10 6 2 0 7 12 1 9
3 2 1 14 3 15 5 13 11 8 4 10 0 1 2 7 6 12 9
3 2 1 14 3 15 5 13 11 8 4 10 6 1 2 0 7 12 9
3 3 0 14 3 15 5 13 11 8 4 10 6 2 9 7 12 1 0
4 3 1 14 3 15 5 13 11 8 4 10 6 1 2 0 12 9 7
4 3 1 14 3 15 0 13 11 8 4 10 6 1 2 7 12 9 5
4 3 1 14 3 15 5 13 11 8 0 10 6 1 4 7 12 9 2
4 3 1 14 3 15 5 13 11 8 4 10 6 0 1 7 12 9 2
4 3 1 14 3 0 5 13 11 15 4 10 6 8 2 7 12 1 9
4 3 1 14 3 15 5 13 0 11 4 10 6 8 2 7 12 1 9
4 3 1 14 3 15 5 13 11 4 0 10 6 8 2 7 12 1 9
4 3 1 14 3 15 5 13 0 8 4 10 11 6 2 7 12 1 9
4 3 1 14 3 15 5 13 11 8 4 10 12 6 2 7 0 1 9
4 3 1 14 3 15 5 13 11 8 4 0 10 6 2 7 12 1 9
4 3 1 14 3 15 5 13 11 8 0 10 6 2 4 7 12 1 9
4 3 1 14 3 15 5 13 0 8 4 10 11 1 2 7 6 12 9
4 3 1 14 3 15 5 13 11 8 4 0 10 1 2 7 6 12 9
4 3 1 14 3 15 5 13 11 8 4 10 1 0 2 7 6 12 9
4 3 1 14 3 15 5 13 11 8 4 0 6 1 2 10 7 12 9
4 4 0 14 3 15 5 13 11 8 4 10 6 1 2 9 7 12 0
5 4 1 14 3 15 5 13 11 8 4 10 6 0 2 7 12 9 1
5 4 1 0 3 15 5 13 11 8 4 10 6 1 2 7 12 9 14
5 4 1 0 3 15 5 13 11 8 4 10 6 1 2 14 7 12 9
5 4 1 14 3 15 5 13 11 8 4 10 6 2 9 7 12 0 1
5 4 1 14 3 15 5 13 11 8 4 0 6 1 2 10 12 9 7
5 4 1 14 3 15 5 13 11 8 4 10 6 1 2 12 0 9 7
5 4 1 14 3 15 4 13 11 8 0 10 6 1 2 7 12 9 5
5 4 1 14 3 0 15 13 11 8 4 10 6 1 2 7 12 9 5
5 4 1 14 3 15 0 13 11 8 5 10 6 1 4 7 12 9 2
5 4 1 14 3 15 5 13 11 0 8 10 6 1 4 7 12 9 2
5 4 1 14 3 15 5 13 11 0 4 10 6 8 1 7 12 9 2
5 4 1 14 3 15 5 13 11 8 4 10 6 9 1 7 12 0 2
5 4 1 14 3 15 5 13 11 8 4 10 0 6 1 7 12 9 2
5 4 1 14 0 3 5 13 11 15 4 10 6 8 2 7 12 1 9
5 4 1 14 3 5 0 13 11 15 4 10 6 8 2 7 12 1 9
5 4 1 14 0 15 5 13 3 11 4 10 6 8 2 7 12 1 9
5 4 1 14 3 15 5 13 6 11 4 10 0 8 2 7 12 1 9
5 4 1 14 3 15 5 0 13 11 4 10 6 8 2 7 12 1 9
5 4 1 14 3 15 0 13 11 4 5 10 6 8 2 7 12 1 9
5 4 1 14 3 15 5 13 11 4 2 10 6 8 0 7 12 1 9
5 4 1 14 0 15 5 13 3 8 4 10 11 6 2 7 12 1 9
5 4 1 14 3 15 5 0 13 8 4 10 11 6 2 7 12 1 9
5 4 1 14 3 15 5 13 8 0 4 10 11 6 2 7 12 1 9
5 4 1 14 3 15 5 13 11 8 4 10 12 6 2 0 7 1 9
5 4 1 14 3 15 5 13 11 8 4 10 12 6 2 7 1 0 9
5 4 1 14 3 15 5 0 11 8 4 13 10 6 2 7 12 1 9
5 4 1 14 3 15 5 13 11 8 4 7 10 6 2 0 12 1 9
5 4 1 14 3 15 0 13 11 8 5 10 6 2 4 7 12 1 9
5 4 1 14 3 15 5 13 11 0 8 10 6 2 4 7 12 1 9
5 4 1 14 0 15 5 13 3 8 4 10 11 1 2 7 6 12 9
5 4 1 14 3 15 5 0 13 8 4 10 11 1 2 7 6 12 9
5 4 1 14 3 15 5 13 8 0 4 10 11 1 2 7 6 12 9
5 4 1 14 3 15 5 0 11 8 4 13 10 1 2 7 6 12 9
5 4 1 14 3 15 5 13 11 8 4 7 10 1 2 0 6 12 9
5 4 1 14 3 15 5 13 11 0 4 10 1 8 2 7 6 12 9
5 4 1 14 3 15 5 13 11 8 4 10 1 12 2 7 6 0 9
5 4 1 14 3 15 5 13 11 8 4 10 1 2 0 7 6 12 9
5 4 1 14 3 15 5 0 11 8 4 13 6 1 2 10 7 12 9
5 4 1 14 3 15 5 13 11 8 4 6 0 1 2 10 7 12 9
5 5 0 14 3 15 5 13 11 8 4 10 6 9 1 7 12 2 0
5 5 0 14 3 15 5 13 11 4 2 10 6 8 9 7 12 1 0
5 5 0 14 3 15 5 13 11 8 4 10 12 6 2 7 1 9 0
5 5 0 14 3 15 5 13 11 8 4 10 1 12 2 7 6 9 0
5 5 0 14 3 15 5 13 11 8 4 10 1 2 9 7 6 12 0
6 5 1 14 3 15 5 13 11 8 4 10 0 1 2 6 7 12 9
6 5 1 14 3 15 0 13 11 8 4 10 6 1 2 5 7 12 9
6 5 1 14 3 15 5 13 11 8 4 10 6 2 9 0 12 1 7
6 5 1 14 3 15 0 13 11 8 4 10 6 2 9 7 12 1 5
6 5 1 0 3 15 5 13 11 8 4 10 6 1 2 14 12 9 7
6 5 1 0 3 15 14 13 11 8 4 10 6 1 2 7 12 9 5
6 5 1 14 3 15 5 13 11 8 4 10 6 1 0 9 7 12 2
6 5 1 14 3 15 5 13 11 8 4 10 6 1 2 9 7 0 12
6 5 1 14 3 15 5 13 11 0 4 10 6 8 2 7 12 9 1
6 5 1 14 3 15 5 13 11 8 4 10 6 9 2 7 12 0 1
6 5 1 14 3 15 5 13 11 8 4 10 0 6 2 7 12 9 1
6 5 1 14 3 15 5 13 11 8 4 10 6 2 0 7 12 9 1
6 5 1 13 3 15 5 0 11 8 4 10 6 1 2 7 12 9 14
6 5 1 3 0 15 5 13 11 8 4 10 6 1 2 7 12 9 14
6 5 1 13 3 15 5 0 11 8 4 10 6 1 2 14 7 12 9
6 5 1 3 0 15 5 13 11 8 4 10 6 1 2 14 7 12 9
6 5 1 14 3 15 5 13 11 8 4 10 6 0 9 7 12 2 1
6 5 1 14 3 15 5 13 11 8 4 10 6 2 9 7 0 12 1
6 5 1 14 3 15 5 0 11 8 4 13 6 1 2 10 12 9 7
6 5 1 14 3 15 5 13 11 8 4 6 0 1 2 10 12 9 7
6 5 1 14 3 15 5 13 11 8 4 10 0 1 2 12 6 9 7
6 5 1 14 3 15 5 13 11 8 4 10 6 1 2 12 9 0 7
6 5 1 14 3 15 4 13 11 8 2 10 6 1 0 7 12 9 5
6 5 1 14 3 15 4 13 11 0 8 10 6 1 2 7 12 9 5
6 5 1 14 3 8 15 13 11 0 4 10 6 1 2 7 12 9 5
6 5 1 14 0 3 15 13 11 8 4 10 6 1 2 7 12 9 5
6 5 1 14 3 0 15 13 11 8 5 10 6 1 4 7 12 9 2
6 6 0 14 3 15 2 13 11 8 5 10 6 1 4 7 12 9 0
6 5 1 14 3 0 5 13 11 15 8 10 6 1 4 7 12 9 2
6 5 1 14 3 15 5 13 11 1 8 10 6 0 4 7 12 9 2
6 5 1 14 3 15 5 13 0 11 8 10 6 1 4 7 12 9 2
6 5 1 14 3 0 5 13 11 15 4 10 6 8 1 7 12 9 2
6 5 1 14 3 15 5 13 0 11 4 10 6 8 1 7 12 9 2
6 5 1 14 3 15 5 13 11 4 0 10 6 8 1 7 12 9 2
6 5 1 14 3 15 5 13 11 8 4 10 6 9 1 7 0 12 2
6 5 1 14 3 15 5 13 0 8 4 10 11 6 1 7 12 9 2
6 5 1 14 3 15 5 13 11 8 4 10 12 6 1 7 0 9 2
6 5 1 14 3 15 5 13 11 8 4 0 10 6 1 7 12 9 2
6 5 1 14 11 3 5 13 0 15 4 10 6 8 2 7 12 1 9
6 5 1 0 14 3 5 13 11 15 4 10 6 8 2 7 12 1 9
6 5 1 14 3 5 4 13 11 15 0 10 6 8 2 7 12 1 9
6 6 0 14 3 5 9 13 11 15 4 10 6 8 2 7 12 1 0
6 5 1 0 14 15 5 13 3 11 4 10 6 8 2 7 12 1 9
6 5 1 14 15 0 5 13 3 11 4 10 6 8 2 7 12 1 9
6 5 1 14 3 15 5 13 6 11 4 10 12 8 2 7 0 1 9
6 5 1 14 3 15 5 13 6 11 4 0 10 8 2 7 12 1 9
6 5 1 14 3 15 5 13 6 11 4 10 8 0 2 7 12 1 9
6 5 1 0 3 15 5 14 13 11 4 10 6 8 2 7 12 1 9
6 5 1 14 3 15 5 10 13 11 4 0 6 8 2 7 12 1 9
6 5 1 14 3 0 15 13 11 4 5 10 6 8 2 7 12 1 9
6 6 0 14 3 15 9 13 11 4 5 10 6 8 2 7 12 1 0
6 5 1 14 3 15 5 13 11 4 2 10 6 0 8 7 12 1 9
6 5 1 0 14 15 5 13 3 8 4 10 11 6 2 7 12 1 9
6 5 1 14 15 0 5 13 3 8 4 10 11 6 2 7 12 1 9
6 5 1 0 3 15 5 14 13 8 4 10 11 6 2 7 12 1 9
6 5 1 14 3 15 5 10 13 8 4 0 11 6 2 7 12 1 9
6 5 1 14 3 0 5 13 8 15 4 10 11 6 2 7 12 1 9
6 5 1 14 3 15 5 13 8 6 4 10 11 0 2 7 12 1 9
6 5 1 14 3 15 5 13 8 4 0 10 11 6 2 7 12 1 9
6 5 1 14 3 15 5 13 11 8 4 0 12 6 2 10 7 1 9
6 6 0 14 3 15 5 13 11 8 4 10 12 6 2 9 7 1 0
6 5 1 14 3 15 5 13 11 8 4 10 12 0 2 7 1 6 9
6 5 1 0 3 15 5 14 11 8 4 13 10 6 2 7 12 1 9
6 5 1 14 3 15 5 11 0 8 4 13 10 6 2 7 12 1 9
6 5 1 14 3 15 5 13 11 8 4 7 10 6 2 12 0 1 9
6 6 0 14 3 15 5 13 11 8 4 7 10 6 2 9 12 1 0
6 5 1 14 3 0 15 13 11 8 5 10 6 2 4 7 12 1 9
6 6 0 14 3 15 9 13 11 8 5 10 6 2 4 7 12 1 0
6 5 1 14 3 0 5 13 11 15 8 10 6 2 4 7 12 1 9
6 5 1 14 3 15 5 13 11 2 8 10 6 0 4 7 12 1 9
6 5 1 14 3 15 5 13 0 11 8 10 6 2 4 7 12 1 9
6 5 1 0 14 15 5 13 3 8 4 10 11 1 2 7 6 12 9
6 5 1 14 15 0 5 13 3 8 4 10 11 1 2 7 6 12 9
6 5 1 0 3 15 5 14 13 8 4 10 11 1 2 7 6 12 9
6 5 1 14 3 15 5 10 13 8 4 0 11 1 2 7 6 12 9
6 5 1 14 3 0 5 13 8 15 4 10 11 1 2 7 6 12 9
6 5 1 14 3 15 5 13 8 1 4 10 11 0 2 7 6 12 9
6 5 1 14 3 15 5 13 8 4 0 10 11 1 2 7 6 12 9
6 5 1 0 3 15 5 14 11 8 4 13 10 1 2 7 6 12 9
6 5 1 14 3 15 5 11 0 8 4 13 10 1 2 7 6 12 9
6 5 1 14 3 15 5 13 11 8 4 7 10 1 2 6 0 12 9
6 6 0 14 3 15 5 13 11 8 4 7 10 1 2 9 6 12 0
6 5 1 14 3 0 5 13 11 15 4 10 1 8 2 7 6 12 9
6 5 1 14 3 15 5 13 0 11 4 10 1 8 2 7 6 12 9
6 5 1 14 3 15 5 13 11 4 0 10 1 8 2 7 6 12 9
6 5 1 14 3 15 5 13 11 8 4 10 1 12 2 7 0 6 9
6 5 1 14 3 15 5 13 11 8 0 10 1 2 4 7 6 12 9
6 5 1 0 3 15 5 14 11 8 4 13 6 1 2 10 7 12 9
6 5 1 14 3 15 5 11 0 8 4 13 6 1 2 10 7 12 9
6 5 1 14 3 15 5 13 0 8 4 6 11 1 2 10 7 12 9
6 5 1 14 3 15 5 13 11 8 4 6 7 1 2 10 0 12 9
6 5 1 14 3 15 5 13 11 8 4 6 1 0 2 10 7 12 9
6 6 0 14 3 15 5 13 11 8 4 10 6 9 2 7 12 1 0
6 6 0 14 3 15 5 13 11 8 4 10 6 2 1 7 12 9 0
6 6 0 14 3 15 5 13 11 8 4 10 6 1 2 12 9 7 0
6 6 0 14 3 15 4 13 11 8 2 10 6 1 5 7 12 9 0
7 6 1 14 3 15 5 13 11 8 4 10 6 0 9 7 12 1 2
7 6 1 0 3 15 5 13 11 8 4 10 6 2 9 7 12 1 14
7 6 1 14 3 15 5 13 11 8 4 10 0 1 2 6 12 9 7
7 6 1 14 3 15 0 13 11 8 4 10 6 1 2 5 12 9 7
7 6 1 14 3 15 8 13 11 0 4 10 6 1 2 7 12 9 5
7 6 1 14 3 15 7 13 11 8 4 10 6 1 2 0 12 9 5
7 6 1 14 3 15 0 13 11 8 4 10 6 1 2 9 7 12 5
7 6 1 5 3 15 0 13 11 8 4 10 6 1 2 7 12 9 14
7 6 1 7 3 15 5 13 11 8 4 10 6 1 2 0 12 9 14
7 6 1 5 3 15 0 13 11 8 4 10 6 1 2 14 7 12 9
7 7 0 9 3 15 5 13 11 8 4 10 6 1 2 14 7 12 0
7 6 1 0 3 15 14 13 11 8 5 10 6 1 4 7 12 9 2
7 6 1 0 3 5 14 13 11 15 4 10 6 8 2 7 12 1 9
7 6 1 0 3 15 14 13 11 4 5 10 6 8 2 7 12 1 9
7 6 1 0 3 15 5 13 11 8 4 10 12 6 2 14 7 1 9
7 6 1 0 3 15 5 13 11 8 4 7 10 6 2 14 12 1 9
7 6 1 0 3 15 14 13 11 8 5 10 6 2 4 7 12 1 9
7 6 1 0 3 15 5 13 11 8 4 7 10 1 2 14 6 12 9
7 6 1 14 3 15 5 13 11 8 4 10 6 9 0 7 12 2 1
7 6 1 14 3 15 5 13 11 4 2 10 6 8 9 7 12 0 1
7 6 1 14 3 15 5 13 11 8 4 10 12 6 0 7 1 9 2
7 6 1 14 3 15 5 13 11 8 4 10 1 12 0 7 6 9 2
7 6 1 14 3 15 5 13 11 8 4 10 1 2 9 7 6 0 12
7 6 1 14 3 15 5 13 0 8 4 10 11 1 2 6 7 12 9
7 6 1 14 3 15 5 13 11 8 4 10 7 1 2 6 0 12 9
7 6 1 14 3 15 5 13 11 8 4 0 10 1 2 6 7 12 9
7 6 1 14 3 15 5 13 11 8 4 10 1 0 2 6 7 12 9
7 6 1 14 3 15 4 13 11 8 0 10 6 1 2 5 7 12 9
7 6 1 14 3 0 15 13 11 8 4 10 6 1 2 5 7 12 9
7 7 0 14 3 15 9 13 11 8 4 10 6 1 2 5 7 12 0
7 6 1 14 3 15 5 13 11 8 4 0 6 2 9 10 12 1 7
7 6 1 14 3 15 5 13 11 8 4 10 6 2 9 12 0 1 7
7 6 1 14 3 15 4 13 11 8 0 10 6 2 9 7 12 1 5
7 6 1 14 3 0 15 13 11 8 4 10 6 2 9 7 12 1 5
7 6 1 13 3 15 5 0 11 8 4 10 6 1 2 14 12 9 7
7 6 1 3 0 15 5 13 11 8 4 10 6 1 2 14 12 9 7
7 6 1 13 3 15 14 0 11 8 4 10 6 1 2 7 12 9 5
7 6 1 3 0 15 14 13 11 8 4 10 6 1 2 7 12 9 5
7 6 1 14 3 15 5 13 11 8 0 10 6 1 4 9 7 12 2
7 6 1 14 3 15 5 13 11 8 4 10 6 0 1 9 7 12 2
7 6 1 14 3 15 5 13 11 8 4 10 6 0 2 9 7 1 12
7 6 1 14 3 15 5 13 11 8 4 10 6 1 2 9 0 7 12
7 6 1 14 3 0 5 13 11 15 4 10 6 8 2 7 12 9 1
7 6 1 14 3 15 5 13 0 11 4 10 6 8 2 7 12 9 1
7 6 1 14 3 15 5 13 11 4 0 10 6 8 2 7 12 9 1
7 6 1 14 3 15 5 13 11 8 4 10 6 9 2 7 0 12 1
7 6 1 14 3 15 5 13 0 8 4 10 11 6 2 7 12 9 1
7 6 1 14 3 15 5 13 11 8 4 10 12 6 2 7 0 9 1
7 6 1 14 3 15 5 13 11 8 4 0 10 6 2 7 12 9 1
7 6 1 14 3 15 5 13 11 8 0 10 6 2 4 7 12 9 1
7 6 1 13 3 15 5 10 11 8 4 0 6 1 2 7 12 9 14
7 6 1 13 3 15 5 11 0 8 4 10 6 1 2 7 12 9 14
7 6 1 3 11 15 5 13 0 8 4 10 6 1 2 7 12 9 14
7 6 1 3 15 0 5 13 11 8 4 10 6 1 2 7 12 9 14
7 6 1 13 3 15 5 10 11 8 4 0 6 1 2 14 7 12 9
7 6 1 13 3 15 5 11 0 8 4 10 6 1 2 14 7 12 9
7 6 1 3 11 15 5 13 0 8 4 10 6 1 2 14 7 12 9
7 6 1 3 15 0 5 13 11 8 4 10 6 1 2 14 7 12 9
7 6 1 14 3 15 5 13 11 0 4 10 6 8 9 7 12 2 1
7 6 1 14 3 15 5 13 11 8 4 10 0 6 9 7 12 2 1
7 6 1 14 3 15 5 13 11 8 4 10 6 9 0 7 12 2 1
7 6 1 14 3 15 5 13 11 8 4 10 0 2 9 7 6 12 1
7 6 1 14 3 15 5 13 11 8 4 10 6 2 9 0 7 12 1
7 6 1 0 3 15 5 14 11 8 4 13 6 1 2 10 12 9 7
7 6 1 14 3 15 5 11 0 8 4 13 6 1 2 10 12 9 7
7 6 1 14 3 15 5 13 0 8 4 6 11 1 2 10 12 9 7
7 6 1 14 3 15 5 13 11 8 4 6 12 1 2 10 0 9 7
7 6 1 14 3 15 5 13 11 8 4 6 1 0 2 10 12 9 7
7 6 1 14 3 15 5 13 0 8 4 10 11 1 2 12 6 9 7
7 6 1 14 3 15 5 13 11 8 4 0 10 1 2 12 6 9 7
7 6 1 14 3 15 5 13 11 8 4 10 1 0 2 12 6 9 7
7 6 1 14 3 15 5 13 11 8 4 10 6 0 2 12 9 1 7
7 6 1 14 3 15 4 13 11 8 2 10 6 0 1 7 12 9 5
7 6 1 14 3 0 4 13 11 15 8 10 6 1 2 7 12 9 5
7 6 1 14 3 15 4 13 11 1 8 10 6 0 2 7 12 9 5
7 6 1 14 3 15 4 13 0 11 8 10 6 1 2 7 12 9 5
7 6 1 14 3 8 15 13 11 1 4 10 6 0 2 7 12 9 5
7 6 1 14 3 8 15 13 0 11 4 10 6 1 2 7 12 9 5
7 6 1 14 3 8 15 13 11 4 0 10 6 1 2 7 12 9 5
7 6 1 14 11 3 15 13 0 8 4 10 6 1 2 7 12 9 5
7 6 1 0 14 3 15 13 11 8 4 10 6 1 2 7 12 9 5
7 6 1 14 3 8 15 13 11 0 5 10 6 1 4 7 12 9 2
7 6 1 14 0 3 15 13 11 8 5 10 6 1 4 7 12 9 2
7 6 1 14 0 3 5 13 11 15 8 10 6 1 4 7 12 9 2
7 6 1 14 3 5 0 13 11 15 8 10 6 1 4 7 12 9 2
7 6 1 14 3 15 5 13 11 1 8 10 6 9 4 7 12 0 2
7 6 1 14 3 15 5 13 11 1 8 10 0 6 4 7 12 9 2
7 6 1 14 3 15 5 13 11 1 8 10 6 4 0 7 12 9 2
7 6 1 14 0 15 5 13 3 11 8 10 6 1 4 7 12 9 2
7 6 1 14 3 15 5 13 6 11 8 10 0 1 4 7 12 9 2
7 6 1 14 3 15 5 0 13 11 8 10 6 1 4 7 12 9 2
7 6 1 14 0 3 5 13 11 15 4 10 6 8 1 7 12 9 2
7 6 1 14 3 5 0 13 11 15 4 10 6 8 1 7 12 9 2
7 6 1 14 0 15 5 13 3 11 4 10 6 8 1 7 12 9 2
7 6 1 14 3 15 5 13 6 11 4 10 0 8 1 7 12 9 2
7 6 1 14 3 15 5 0 13 11 4 10 6 8 1 7 12 9 2
7 6 1 14 3 15 0 13 11 4 5 10 6 8 1 7 12 9 2
7 6 1 14 3 15 5 13 11 4 1 10 6 8 0 7 12 9 2
7 6 1 14 3 15 5 13 11 8 4 10 0 9 1 7 6 12 2
7 6 1 14 3 15 5 13 11 8 4 10 6 9 1 0 7 12 2
7 6 1 14 0 15 5 13 3 8 4 10 11 6 1 7 12 9 2
7 6 1 14 3 15 5 0 13 8 4 10 11 6 1 7 12 9 2
7 6 1 14 3 15 5 13 8 0 4 10 11 6 1 7 12 9 2
7 6 1 14 3 15 5 13 11 8 4 10 12 6 1 0 7 9 2
7 6 1 14 3 15 5 13 11 8 4 10 12 6 1 7 9 0 2
7 6 1 14 3 15 5 0 11 8 4 13 10 6 1 7 12 9 2
7 6 1 14 3 15 5 13 11 8 4 7 10 6 1 0 12 9 2
7 6 1 14 11 3 5 13 6 15 4 10 0 8 2 7 12 1 9
7 6 1 14 11 3 5 0 13 15 4 10 6 8 2 7 12 1 9
7 6 1 14 11 3 5 13 15 0 4 10 6 8 2 7 12 1 9
7 6 1 13 14 3 5 0 11 15 4 10 6 8 2 7 12 1 9
7 6 1 14 3 5 4 13 11 15 2 10 6 8 0 7 12 1 9
7 6 1 14 3 5 4 13 11 0 15 10 6 8 2 7 12 1 9
7 6 1 13 14 15 5 0 3 11 4 10 6 8 2 7 12 1 9
7 6 1 14 15 11 5 13 3 0 4 10 6 8 2 7 12 1 9
7 6 1 14 15 5 0 13 3 11 4 10 6 8 2 7 12 1 9
7 6 1 14 3 15 5 13 6 11 4 10 12 8 2 0 7 1 9
7 6 1 14 3 15 5 13 6 11 4 10 12 8 2 7 1 0 9
7 6 1 14 3 15 5 0 6 11 4 13 10 8 2 7 12 1 9
7 6 1 14 3 15 5 13 6 11 4 7 10 8 2 0 12 1 9
7 6 1 14 3 15 5 13 6 0 4 10 8 11 2 7 12 1 9
7 6 1 14 3 15 5 13 6 11 4 10 8 1 2 7 12 0 9
7 6 1 14 3 15 5 13 6 11 4 10 8 2 0 7 12 1 9
7 6 1 3 0 15 5 14 13 11 4 10 6 8 2 7 12 1 9
7 6 1 14 3 15 5 10 13 11 4 7 6 8 2 0 12 1 9
7 6 1 14 3 15 5 10 13 11 4 6 0 8 2 7 12 1 9
7 6 1 14 3 4 15 13 11 0 5 10 6 8 2 7 12 1 9
7 6 1 14 0 3 15 13 11 4 5 10 6 8 2 7 12 1 9
7 6 1 14 3 15 5 13 11 0 2 10 6 4 8 7 12 1 9
7 6 1 14 3 15 5 13 11 4 2 10 6 1 8 7 12 0 9
7 6 1 14 3 15 5 13 11 4 2 10 0 6 8 7 12 1 9
7 6 1 13 14 15 5 0 3 8 4 10 11 6 2 7 12 1 9
7 6 1 14 15 8 5 13 3 0 4 10 11 6 2 7 12 1 9
7 6 1 14 15 5 0 13 3 8 4 10 11 6 2 7 12 1 9
7 6 1 3 0 15 5 14 13 8 4 10 11 6 2 7 12 1 9
7 6 1 14 3 15 5 10 13 8 4 7 11 6 2 0 12 1 9
7 6 1 14 3 15 5 10 13 8 4 11 0 6 2 7 12 1 9
7 6 1 14 0 3 5 13 8 15 4 10 11 6 2 7 12 1 9
7 6 1 14 3 5 0 13 8 15 4 10 11 6 2 7 12 1 9
7 6 1 14 3 15 5 13 8 6 4 10 11 1 2 7 12 0 9
7 6 1 14 3 15 5 13 8 6 4 10 0 11 2 7 12 1 9
7 6 1 14 3 15 5 13 8 6 4 10 11 2 0 7 12 1 9
7 6 1 14 3 15 0 13 8 4 5 10 11 6 2 7 12 1 9
7 6 1 14 3 15 5 13 8 4 2 10 11 6 0 7 12 1 9
7 6 1 14 3 15 5 0 11 8 4 13 12 6 2 10 7 1 9
7 6 1 14 3 15 5 13 11 8 4 12 0 6 2 10 7 1 9
7 6 1 14 3 15 5 13 11 0 4 10 12 8 2 7 1 6 9
7 6 1 14 3 15 5 13 11 8 4 10 0 12 2 7 1 6 9
7 6 1 14 3 15 5 13 11 8 4 10 12 2 0 7 1 6 9
7 6 1 3 0 15 5 14 11 8 4 13 10 6 2 7 12 1 9
7 6 1 14 0 15 5 11 3 8 4 13 10 6 2 7 12 1 9
7 6 1 14 3 15 5 11 10 8 4 13 0 6 2 7 12 1 9
7 6 1 14 3 15 5 11 8 0 4 13 10 6 2 7 12 1 9
7 6 1 14 3 15 5 13 11 8 4 7 0 6 2 12 10 1 9
7 6 1 14 3 15 5 13 11 8 4 7 10 6 2 12 1 0 9
7 6 1 14 3 8 15 13 11 0 5 10 6 2 4 7 12 1 9
7 6 1 14 0 3 15 13 11 8 5 10 6 2 4 7 12 1 9
7 6 1 14 0 3 5 13 11 15 8 10 6 2 4 7 12 1 9
7 6 1 14 3 5 0 13 11 15 8 10 6 2 4 7 12 1 9
7 6 1 14 3 15 5 13 11 2 8 10 6 1 4 7 12 0 9
7 6 1 14 3 15 5 13 11 2 8 10 0 6 4 7 12 1 9
7 6 1 14 3 15 5 13 11 2 8 10 6 4 0 7 12 1 9
7 6 1 14 0 15 5 13 3 11 8 10 6 2 4 7 12 1 9
7 6 1 14 3 15 5 13 6 11 8 10 0 2 4 7 12 1 9
7 6 1 14 3 15 5 0 13 11 8 10 6 2 4 7 12 1 9
7 6 1 13 14 15 5 0 3 8 4 10 11 1 2 7 6 12 9
7 6 1 14 15 8 5 13 3 0 4 10 11 1 2 7 6 12 9
7 6 1 14 15 5 0 13 3 8 4 10 11 1 2 7 6 12 9
7 6 1 3 0 15 5 14 13 8 4 10 11 1 2 7 6 12 9
7 6 1 14 3 15 5 10 13 8 4 7 11 1 2 0 6 12 9
7 6 1 14 3 15 5 10 13 8 4 11 0 1 2 7 6 12 9
7 6 1 14 0 3 5 13 8 15 4 10 11 1 2 7 6 12 9
7 6 1 14 3 5 0 13 8 15 4 10 11 1 2 7 6 12 9
7 6 1 14 3 15 5 13 8 1 4 10 11 12 2 7 6 0 9
7 6 1 14 3 15 5 13 8 1 4 10 0 11 2 7 6 12 9
7 6 1 14 3 15 5 13 8 1 4 10 11 2 0 7 6 12 9
7 6 1 14 3 15 0 13 8 4 5 10 11 1 2 7 6 12 9
7 6 1 14 3 15 5 13 8 4 2 10 11 1 0 7 6 12 9
7 6 1 3 0 15 5 14 11 8 4 13 10 1 2 7 6 12 9
