0 0 0 10 8 6 3 2 5 1 7 9 11 0 4
19 1 18 10 8 6 3 2 5 1 7 9 11 4 0
21 1 20 10 8 6 3 2 5 1 7 9 0 11 4
22 2 20 10 8 6 3 2 0 1 7 9 11 4 5
23 1 22 10 8 6 3 0 5 1 7 9 11 2 4
22 2 20 10 8 6 3 5 0 1 7 9 11 2 4
21 3 18 10 8 6 3 5 4 1 7 9 11 2 0
24 2 22 10 8 6 0 2 5 1 7 9 3 11 4
23 3 20 10 8 6 2 0 5 1 7 9 3 11 4
22 4 18 10 8 6 2 5 0 1 7 9 3 11 4
21 5 16 10 8 6 2 5 4 1 7 9 3 11 0
24 2 22 10 8 6 3 2 5 1 7 0 9 11 4
24 4 20 10 8 6 3 5 4 1 7 9 11 0 2
24 4 20 10 8 6 2 11 5 1 7 9 3 0 4
23 5 18 10 8 6 2 11 5 1 7 9 3 4 0
24 6 18 10 8 6 2 5 4 1 7 9 3 0 11
25 3 22 10 8 6 3 0 2 1 7 9 11 4 5
24 4 20 10 8 6 3 4 2 1 7 9 11 0 5
23 5 18 10 8 6 3 4 2 1 7 9 11 5 0
25 5 20 10 8 6 3 2 4 1 7 9 11 0 5
24 6 18 10 8 6 3 2 4 1 7 9 11 5 0
25 5 20 10 8 6 3 5 2 1 7 9 11 0 4
24 6 18 10 8 6 3 5 2 1 7 9 11 4 0
25 3 22 10 8 0 6 2 5 1 7 9 3 11 4
25 5 20 10 8 6 3 5 4 1 7 9 0 11 2
25 5 20 10 8 6 3 4 2 1 7 9 0 11 5
26 4 22 10 8 6 3 0 5 1 7 9 11 4 2
25 5 20 10 8 6 3 5 0 1 7 9 11 4 2
25 5 20 10 8 6 3 4 5 1 7 9 11 0 2
24 6 18 10 8 6 3 4 5 1 7 9 11 2 0
25 5 20 10 8 6 3 5 0 1 7 9 11 4 2
26 4 22 0 8 6 3 2 5 1 7 9 11 4 10
25 5 20 1 8 6 3 2 5 0 7 9 11 4 10
23 7 16 1 8 6 3 2 5 10 7 9 11 4 0
24 6 18 1 8 6 3 2 5 7 0 9 11 4 10
25 7 18 1 0 6 3 2 5 7 8 9 11 4 10
25 7 18 1 8 6 3 2 5 7 9 0 11 4 10
26 2 24 10 8 6 0 3 5 1 7 9 11 2 4
26 6 20 10 8 6 2 11 0 1 7 9 3 4 5
26 6 20 10 8 6 3 4 0 1 7 9 11 5 2
26 6 20 10 8 6 3 2 4 1 7 9 0 11 5
26 6 20 10 8 6 3 5 2 1 7 9 0 11 4
26 4 22 10 8 9 6 2 5 1 7 0 3 11 4
25 5 20 10 8 9 6 2 5 1 7 3 0 11 4
26 6 20 10 8 6 3 4 5 1 7 9 0 11 2
26 6 20 5 8 6 3 2 0 1 7 9 11 4 10
26 8 18 1 8 6 3 2 0 10 7 9 11 4 5
26 8 18 1 8 6 3 2 5 10 7 9 11 0 4
26 8 18 1 6 0 3 2 5 7 8 9 11 4 10
25 9 16 1 6 3 0 2 5 7 8 9 11 4 10
24 10 14 1 6 3 2 0 5 7 8 9 11 4 10
23 11 12 1 6 3 2 4 5 7 8 9 11 0 10
22 12 10 1 6 3 2 4 5 7 8 9 11 10 0
23 11 12 1 6 3 2 5 0 7 8 9 11 4 10
24 12 12 1 6 3 2 4 5 7 8 9 0 11 10
24 12 12 1 6 3 2 5 10 7 8 9 11 4 0
25 13 12 1 6 3 2 4 0 7 8 9 11 10 5
26 8 18 1 8 6 3 2 5 7 9 11 0 4 10
25 9 16 1 8 6 3 2 5 7 9 11 4 0 10
24 10 14 1 8 6 3 2 5 7 9 11 4 10 0
26 6 20 10 8 9 6 2 5 1 7 3 11 0 4
25 7 18 10 8 9 6 2 5 1 7 3 11 4 0
26 10 16 1 6 3 11 2 5 7 8 9 0 4 10
25 11 14 1 6 3 11 2 5 7 8 9 4 0 10
24 12 12 1 6 3 11 2 5 7 8 9 4 10 0
26 14 12 1 6 3 2 5 4 7 8 9 11 0 10
25 15 10 1 6 3 2 5 4 7 8 9 11 10 0
27 7 20 10 8 6 2 5 11 1 7 9 3 0 4
26 8 18 10 8 6 2 5 11 1 7 9 3 4 0
27 3 24 10 8 0 3 2 5 1 7 6 9 11 4
26 4 22 10 8 3 0 2 5 1 7 6 9 11 4
25 5 20 10 8 3 2 0 5 1 7 6 9 11 4
24 6 18 10 8 3 2 5 0 1 7 6 9 11 4
23 7 16 10 8 3 2 5 4 1 7 6 9 11 0
26 6 20 10 8 3 2 11 5 1 7 6 9 0 4
25 7 18 10 8 3 2 11 5 1 7 6 9 4 0
26 8 18 10 8 3 2 5 4 1 7 6 9 0 11
27 3 24 10 8 6 3 2 5 1 0 7 9 11 4
27 5 22 10 8 6 3 0 4 1 7 9 11 5 2
27 5 22 10 8 6 2 11 5 1 7 9 0 3 4
27 7 20 10 8 6 2 0 4 1 7 9 3 5 11
26 8 18 10 8 6 2 4 0 1 7 9 3 5 11
27 7 20 10 8 6 2 5 4 1 7 9 0 3 11
27 7 20 10 8 6 3 2 0 1 7 9 11 5 4
27 7 20 10 8 6 3 4 0 1 7 9 11 2 5
27 5 22 8 0 6 3 2 5 1 7 9 11 4 10
27 7 20 7 8 6 3 2 5 1 0 9 11 4 10
27 3 24 10 8 6 11 3 5 1 7 9 0 2 4
26 4 22 10 8 6 11 3 5 1 7 9 2 0 4
25 5 20 10 8 6 11 3 5 1 7 9 2 4 0
27 3 24 10 8 0 6 3 5 1 7 9 11 2 4
27 7 20 5 8 6 3 2 10 1 7 9 11 4 0
27 9 18 1 8 6 3 2 5 10 7 9 0 11 4
27 9 18 1 6 9 3 2 5 7 8 0 11 4 10
27 13 14 1 6 3 0 4 5 7 8 9 2 11 10
26 14 12 1 6 3 4 0 5 7 8 9 2 11 10
25 15 10 1 6 3 4 5 0 7 8 9 2 11 10
26 16 10 1 6 3 4 5 10 7 8 9 2 11 0
27 13 14 1 6 3 2 4 5 7 8 0 9 11 10
27 13 14 1 6 3 2 5 10 7 8 9 11 0 4
27 11 16 1 8 6 3 2 0 7 9 11 4 10 5
27 13 14 1 6 3 11 2 0 7 8 9 4 10 5
27 15 12 1 6 3 2 5 4 7 8 9 0 11 10
27 9 18 10 8 6 2 5 0 1 7 9 3 4 11
27 5 22 10 8 3 9 2 5 1 7 6 0 11 4
27 9 18 10 8 6 2 4 11 1 7 9 3 5 0
27 15 12 1 6 3 4 11 5 7 8 9 2 0 10
26 16 10 1 6 3 4 11 5 7 8 9 2 10 0
28 4 24 0 8 6 3 2 10 1 7 9 11 4 5
27 5 22 1 8 6 3 2 10 0 7 9 11 4 5
26 6 20 1 8 6 3 2 10 7 0 9 11 4 5
27 5 22 1 8 6 3 2 10 0 7 9 11 4 5
27 7 20 1 8 6 3 2 10 5 7 9 11 4 0
27 7 20 1 0 6 3 2 10 7 8 9 11 4 5
27 7 20 1 8 6 3 2 10 7 9 0 11 4 5
27 7 20 1 8 6 3 2 10 5 7 9 11 4 0
28 4 24 0 8 6 3 5 10 1 7 9 11 2 4
25 7 18 4 8 6 3 5 10 1 7 9 11 2 0
26 8 18 4 8 6 3 5 0 1 7 9 11 2 10
27 5 22 1 8 6 3 5 10 0 7 9 11 2 4
25 7 18 1 8 6 3 5 10 4 7 9 11 2 0
26 6 20 1 8 6 3 5 10 7 0 9 11 2 4
26 8 18 1 8 6 3 5 0 10 7 9 11 2 4
25 9 16 1 8 6 3 5 4 10 7 9 11 2 0
26 8 18 1 8 6 3 5 0 4 7 9 11 2 10
27 7 20 1 0 6 3 5 10 7 8 9 11 2 4
27 7 20 1 8 6 3 5 10 7 9 0 11 2 4
28 6 22 10 8 6 3 0 4 1 7 9 11 2 5
28 6 22 0 8 6 3 5 4 1 7 9 11 2 10
27 7 20 1 8 6 3 5 4 0 7 9 11 2 10
26 8 18 1 8 6 3 5 4 7 0 9 11 2 10
27 7 20 1 8 6 3 5 4 0 7 9 11 2 10
27 9 18 1 0 6 3 5 4 7 8 9 11 2 10
27 9 18 1 8 6 3 5 4 7 9 0 11 2 10
28 6 22 0 8 6 2 5 10 1 7 9 3 11 4
25 9 16 4 8 6 2 5 10 1 7 9 3 11 0
26 10 16 4 8 6 2 5 0 1 7 9 3 11 10
27 7 20 1 8 6 2 5 10 0 7 9 3 11 4
25 9 16 1 8 6 2 5 10 4 7 9 3 11 0
26 8 18 1 8 6 2 5 10 7 0 9 3 11 4
26 10 16 1 8 6 2 5 0 10 7 9 3 11 4
25 11 14 1 8 6 2 5 4 10 7 9 3 11 0
26 10 16 1 8 6 2 5 0 4 7 9 3 11 10
27 9 18 1 0 6 2 5 10 7 8 9 3 11 4
27 9 18 1 8 6 2 5 10 7 9 0 3 11 4
26 10 16 1 8 6 2 5 10 7 9 3 0 11 4
27 11 16 1 8 6 2 5 10 7 9 3 11 0 4
26 12 14 1 8 6 2 5 10 7 9 3 11 4 0
27 13 14 1 8 6 2 5 0 7 9 3 11 4 10
28 8 20 10 8 6 2 0 4 1 7 9 3 11 5
27 9 18 10 8 6 2 4 0 1 7 9 3 11 5
26 10 16 10 8 6 2 4 5 1 7 9 3 11 0
28 8 20 0 8 6 2 5 4 1 7 9 3 11 10
27 9 18 1 8 6 2 5 4 0 7 9 3 11 10
26 10 16 1 8 6 2 5 4 7 0 9 3 11 10
27 9 18 1 8 6 2 5 4 0 7 9 3 11 10
27 11 16 1 0 6 2 5 4 7 8 9 3 11 10
27 11 16 1 8 6 2 5 4 7 9 0 3 11 10
26 12 14 1 8 6 2 5 4 7 9 3 0 11 10
27 13 14 1 8 6 2 5 4 7 9 3 11 0 10
26 14 12 1 8 6 2 5 4 7 9 3 11 10 0
27 13 14 1 8 6 2 5 4 7 9 3 11 0 10
28 8 20 10 8 6 2 0 5 1 7 9 3 4 11
27 9 18 10 8 6 2 4 5 1 7 9 3 0 11
27 9 18 10 8 6 2 4 5 1 7 9 3 0 11
28 4 24 10 8 6 0 3 2 1 7 9 11 4 5
28 6 22 10 8 6 3 0 4 1 7 9 11 2 5
28 6 22 10 8 6 3 0 2 1 7 9 11 5 4
28 6 22 10 8 6 3 0 2 1 7 9 11 5 4
28 4 24 10 0 8 6 2 5 1 7 9 3 11 4
28 6 22 10 8 6 0 5 4 1 7 9 3 11 2
28 6 22 10 8 6 3 5 4 1 7 0 9 11 2
28 6 22 10 8 6 0 4 2 1 7 9 3 11 5
27 7 20 10 8 6 4 0 2 1 7 9 3 11 5
26 8 18 10 8 6 4 2 0 1 7 9 3 11 5
25 9 16 10 8 6 4 2 5 1 7 9 3 11 0
28 6 22 10 8 6 3 4 2 1 7 0 9 11 5
28 8 20 1 0 6 3 2 5 8 7 9 11 4 10
28 8 20 1 8 6 3 2 0 5 7 9 11 4 10
28 8 20 0 1 6 3 2 5 7 8 9 11 4 10
27 11 16 10 1 6 3 2 5 7 8 9 11 4 0
28 8 20 1 8 0 3 2 5 7 9 6 11 4 10
27 9 18 1 8 3 0 2 5 7 9 6 11 4 10
26 10 16 1 8 3 2 0 5 7 9 6 11 4 10
25 11 14 1 8 3 2 4 5 7 9 6 11 0 10
24 12 12 1 8 3 2 4 5 7 9 6 11 10 0
25 11 14 1 8 3 2 5 0 7 9 6 11 4 10
26 12 14 1 8 3 2 4 5 7 9 6 0 11 10
26 12 14 1 8 3 2 5 10 7 9 6 11 4 0
27 13 14 1 8 3 2 4 0 7 9 6 11 10 5
27 13 14 1 8 3 2 4 5 7 9 0 6 11 10
28 6 22 10 8 9 0 2 5 1 7 3 6 11 4
27 7 20 10 8 9 2 0 5 1 7 3 6 11 4
26 8 18 10 8 9 2 5 0 1 7 3 6 11 4
25 9 16 10 8 9 2 5 4 1 7 3 6 11 0
28 14 14 1 6 3 2 0 4 7 8 9 11 10 5
28 10 18 1 8 6 3 0 5 7 9 11 4 2 10
27 11 16 1 8 6 3 5 0 7 9 11 4 2 10
28 8 20 10 8 9 6 2 0 1 7 3 11 4 5
28 12 16 1 6 3 11 0 5 7 8 9 4 2 10
27 13 14 1 6 3 11 5 0 7 8 9 4 2 10
28 16 12 1 6 3 2 5 0 7 8 9 11 10 4
28 8 20 10 8 3 2 11 0 1 7 6 9 4 5
28 4 24 10 0 6 3 2 5 1 8 7 9 11 4
28 6 22 8 7 6 3 2 5 1 0 9 11 4 10
28 6 22 8 6 0 3 2 5 1 7 9 11 4 10
27 7 20 8 6 3 0 2 5 1 7 9 11 4 10
26 8 18 8 6 3 2 0 5 1 7 9 11 4 10
25 9 16 8 6 3 2 4 5 1 7 9 11 0 10
24 10 14 8 6 3 2 4 5 1 7 9 11 10 0
25 9 16 8 6 3 2 5 0 1 7 9 11 4 10
26 10 16 8 6 3 2 4 5 1 7 9 0 11 10
26 10 16 8 6 3 2 5 10 1 7 9 11 4 0
27 11 16 8 6 3 2 4 0 1 7 9 11 10 5
28 8 20 7 0 6 3 2 5 1 8 9 11 4 10
28 8 20 7 8 6 3 2 5 1 9 0 11 4 10
28 6 22 10 8 6 11 3 0 1 7 9 2 4 5
28 4 24 10 8 9 6 3 5 1 7 0 11 2 4
28 10 18 1 6 9 3 2 5 7 8 11 0 4 10
27 11 16 1 6 9 3 2 5 7 8 11 4 0 10
26 12 14 1 6 9 3 2 5 7 8 11 4 10 0
28 14 14 1 6 3 2 5 10 7 8 9 0 11 4
28 6 22 10 8 3 9 2 5 1 7 0 6 11 4
28 6 22 10 8 3 9 2 5 1 7 6 11 0 4
27 7 20 10 8 3 9 2 5 1 7 6 11 4 0
28 8 20 1 8 6 3 2 0 5 7 9 11 4 10
28 8 20 1 6 0 3 2 10 7 8 9 11 4 5
27 9 18 1 6 3 0 2 10 7 8 9 11 4 5
26 10 16 1 6 3 2 0 10 7 8 9 11 4 5
25 11 14 1 6 3 2 4 10 7 8 9 11 0 5
24 12 12 1 6 3 2 4 10 7 8 9 11 5 0
25 11 14 1 6 3 2 4 10 7 8 9 11 0 5
25 11 14 1 6 3 2 10 0 7 8 9 11 4 5
24 12 12 1 6 3 2 10 5 7 8 9 11 4 0
25 13 12 1 6 3 2 4 0 7 8 9 11 5 10
26 10 16 1 6 3 2 0 10 7 8 9 11 4 5
26 12 14 1 6 3 2 4 10 7 8 9 0 11 5
26 12 14 1 6 3 2 4 10 7 8 9 0 11 5
27 13 14 1 6 3 2 10 5 7 8 9 11 0 4
28 8 20 1 8 6 3 2 10 7 9 11 0 4 5
27 9 18 1 8 6 3 2 10 7 9 11 4 0 5
26 10 16 1 8 6 3 2 10 7 9 11 4 5 0
27 9 18 1 8 6 3 2 10 7 9 11 4 0 5
27 11 16 1 8 6 3 2 0 7 9 11 4 5 10
28 8 20 1 8 6 3 2 0 5 7 9 11 4 10
28 8 20 4 8 6 3 5 10 1 7 9 11 0 2
28 8 20 1 8 6 3 5 10 4 7 9 11 0 2
28 10 18 1 8 6 3 5 4 10 7 9 11 0 2
28 8 20 1 6 0 3 5 10 7 8 9 11 2 4
27 9 18 1 6 3 0 5 10 7 8 9 11 2 4
28 8 20 1 8 6 3 5 10 7 9 11 0 2 4
27 9 18 1 8 6 3 5 10 7 9 11 2 0 4
26 10 16 1 8 6 3 5 10 7 9 11 2 4 0
27 11 16 1 8 6 3 5 0 7 9 11 2 4 10
28 10 18 1 6 0 3 5 4 7 8 9 11 2 10
27 11 16 1 6 3 0 5 4 7 8 9 11 2 10
28 10 18 1 8 6 3 5 4 7 9 11 0 2 10
27 11 16 1 8 6 3 5 4 7 9 11 2 0 10
26 12 14 1 8 6 3 5 4 7 9 11 2 10 0
27 11 16 1 8 6 3 5 4 7 9 11 2 0 10
28 10 18 4 8 6 2 5 10 1 7 9 3 0 11
28 10 18 1 8 6 2 5 10 4 7 9 3 0 11
28 12 16 1 8 6 2 5 4 10 7 9 3 0 11
28 10 18 1 6 0 2 5 10 7 8 9 3 11 4
27 11 16 1 6 2 0 5 10 7 8 9 3 11 4
26 12 14 1 6 2 3 5 10 7 8 9 0 11 4
27 13 14 1 6 2 3 5 10 7 8 9 11 0 4
26 14 12 1 6 2 3 5 10 7 8 9 11 4 0
27 15 12 1 6 2 3 5 0 7 8 9 11 4 10
28 12 16 1 6 0 2 5 4 7 8 9 3 11 10
27 13 14 1 6 2 0 5 4 7 8 9 3 11 10
26 14 12 1 6 2 3 5 4 7 8 9 0 11 10
27 15 12 1 6 2 3 5 4 7 8 9 11 0 10
26 16 10 1 6 2 3 5 4 7 8 9 11 10 0
27 15 12 1 6 2 3 5 4 7 8 9 11 0 10
28 8 20 10 8 6 4 11 2 1 7 9 3 0 5
27 9 18 10 8 6 4 11 2 1 7 9 3 5 0
28 10 18 10 8 6 4 2 5 1 7 9 3 0 11
28 10 18 5 1 6 3 2 0 7 8 9 11 4 10
28 10 18 1 8 3 11 2 5 7 9 6 0 4 10
27 11 16 1 8 3 11 2 5 7 9 6 4 0 10
26 12 14 1 8 3 11 2 5 7 9 6 4 10 0
28 14 14 1 8 3 2 5 4 7 9 6 11 0 10
27 15 12 1 8 3 2 5 4 7 9 6 11 10 0
28 14 14 1 8 3 2 4 5 7 0 9 6 11 10
28 8 20 10 8 9 2 11 5 1 7 3 6 0 4
27 9 18 10 8 9 2 11 5 1 7 3 6 4 0
28 10 18 10 8 9 2 5 4 1 7 3 6 0 11
28 12 16 1 8 6 3 5 10 7 9 11 4 2 0
28 14 14 1 6 3 11 5 10 7 8 9 4 2 0
28 8 20 8 6 3 11 2 5 1 7 9 0 4 10
27 9 18 8 6 3 11 2 5 1 7 9 4 0 10
26 10 16 8 6 3 11 2 5 1 7 9 4 10 0
28 12 16 8 6 3 2 5 4 1 7 9 11 0 10
27 13 14 8 6 3 2 5 4 1 7 9 11 10 0
28 10 18 1 6 3 11 2 10 7 8 9 0 4 5
27 11 16 1 6 3 11 2 10 7 8 9 4 0 5
26 12 14 1 6 3 11 2 10 7 8 9 4 5 0
27 11 16 1 6 3 11 2 10 7 8 9 4 0 5
27 13 14 1 6 3 11 2 0 7 8 9 4 5 10
28 14 14 1 6 3 2 10 4 7 8 9 11 0 5
27 15 12 1 6 3 2 10 4 7 8 9 11 5 0
28 14 14 1 6 3 2 10 4 7 8 9 11 0 5
28 14 14 1 6 3 2 0 4 7 8 9 11 5 10
28 14 14 1 6 3 2 0 4 7 8 9 11 5 10
28 14 14 1 6 3 2 0 5 7 8 9 11 10 4
27 15 12 1 6 3 2 5 0 7 8 9 11 10 4
28 14 14 1 6 3 2 0 5 7 8 9 11 10 4
28 14 14 1 6 3 2 10 5 7 8 9 0 11 4
28 10 18 1 6 3 11 5 10 7 8 9 0 2 4
27 11 16 1 6 3 11 5 10 7 8 9 2 0 4
26 12 14 1 6 3 11 5 10 7 8 9 2 4 0
27 13 14 1 6 3 11 5 0 7 8 9 2 4 10
28 10 18 1 6 3 5 0 10 7 8 9 11 2 4
27 11 16 1 6 3 5 2 10 7 8 9 11 0 4
26 12 14 1 6 3 5 2 10 7 8 9 11 4 0
27 11 16 1 6 3 5 10 0 7 8 9 11 2 4
26 12 14 1 6 3 5 10 4 7 8 9 11 2 0
27 13 14 1 6 3 5 2 0 7 8 9 11 4 10
28 12 16 1 6 3 11 5 4 7 8 9 0 2 10
27 13 14 1 6 3 11 5 4 7 8 9 2 0 10
26 14 12 1 6 3 11 5 4 7 8 9 2 10 0
27 13 14 1 6 3 11 5 4 7 8 9 2 0 10
28 12 16 1 6 3 5 0 4 7 8 9 11 2 10
27 13 14 1 6 3 5 2 4 7 8 9 11 0 10
26 14 12 1 6 3 5 2 4 7 8 9 11 10 0
27 13 14 1 6 3 5 2 4 7 8 9 11 0 10
27 13 14 1 6 3 5 4 0 7 8 9 11 2 10
28 12 16 1 6 2 5 0 10 7 8 9 3 11 4
27 13 14 1 6 2 5 10 0 7 8 9 3 11 4
26 14 12 1 6 2 5 10 4 7 8 9 3 11 0
28 14 14 1 6 2 5 0 4 7 8 9 3 11 10
27 15 12 1 6 2 5 4 0 7 8 9 3 11 10
28 12 16 1 6 3 5 2 10 7 8 9 0 11 4
28 14 14 1 6 3 5 2 4 7 8 9 0 11 10
28 14 14 1 6 3 5 2 4 7 8 9 0 11 10
28 14 14 1 6 3 5 4 10 7 8 9 11 2 0
28 16 12 1 6 2 5 4 10 7 8 9 3 11 0
29 5 24 10 8 6 0 3 5 1 7 9 11 4 2
29 7 22 10 8 6 2 0 11 1 7 9 3 4 5
28 8 20 10 8 6 2 4 11 1 7 9 3 0 5
28 8 20 10 8 6 2 4 11 1 7 9 3 0 5
29 9 20 10 8 6 2 11 4 1 7 9 3 0 5
28 10 18 10 8 6 2 11 4 1 7 9 3 5 0
29 7 22 10 8 6 0 2 4 1 7 9 3 11 5
29 7 22 10 8 6 3 2 4 1 7 0 9 11 5
29 7 22 10 8 6 0 5 2 1 7 9 3 11 4
29 7 22 10 8 6 3 5 2 1 7 0 9 11 4
29 5 24 10 8 9 6 2 5 1 0 7 3 11 4
29 7 22 10 8 6 0 4 5 1 7 9 3 11 2
28 8 20 10 8 6 4 0 5 1 7 9 3 11 2
27 9 18 10 8 6 4 5 0 1 7 9 3 11 2
26 10 16 10 8 6 4 5 2 1 7 9 3 11 0
28 8 20 10 8 6 4 0 5 1 7 9 3 11 2
29 7 22 10 8 6 3 4 5 1 7 0 9 11 2
29 7 22 5 8 6 3 0 2 1 7 9 11 4 10
28 8 20 5 8 6 3 4 2 1 7 9 11 0 10
27 9 18 5 8 6 3 4 2 1 7 9 11 10 0
29 9 20 5 8 6 3 2 4 1 7 9 11 0 10
28 10 18 5 8 6 3 2 4 1 7 9 11 10 0
29 9 20 1 8 6 3 0 2 10 7 9 11 4 5
28 10 18 1 8 6 3 4 2 10 7 9 11 0 5
27 11 16 1 8 6 3 4 2 10 7 9 11 5 0
29 11 18 1 8 6 3 2 4 10 7 9 11 0 5
28 12 16 1 8 6 3 2 4 10 7 9 11 5 0
29 9 20 1 8 6 3 0 5 10 7 9 11 2 4
29 9 20 1 8 6 0 2 5 7 9 11 3 4 10
28 10 18 1 8 6 2 0 5 7 9 11 3 4 10
27 11 16 1 8 6 2 4 5 7 9 11 3 0 10
26 12 14 1 8 6 2 4 5 7 9 11 3 10 0
27 11 16 1 8 6 2 5 0 7 9 11 3 4 10
28 12 16 1 8 6 2 5 10 7 9 11 3 4 0
29 7 22 10 8 9 6 0 5 1 7 3 11 2 4
28 8 20 10 8 9 6 5 0 1 7 3 11 2 4
27 9 18 10 8 9 6 5 4 1 7 3 11 2 0
29 11 18 1 6 3 11 2 5 7 8 0 9 4 10
29 9 20 10 8 3 2 5 11 1 7 6 9 0 4
28 10 18 10 8 3 2 5 11 1 7 6 9 4 0
29 7 22 10 8 3 2 11 5 1 7 6 0 9 4
29 9 20 10 8 3 2 0 4 1 7 6 9 5 11
28 10 18 10 8 3 2 4 0 1 7 6 9 5 11
29 9 20 10 8 3 2 5 4 1 7 6 0 9 11
29 5 24 10 8 6 11 0 5 1 7 9 2 3 4
28 6 22 10 8 6 11 5 0 1 7 9 2 3 4
27 7 20 10 8 6 11 5 4 1 7 9 2 3 0
29 17 12 1 6 3 4 5 10 7 8 9 2 0 11
29 17 12 1 6 3 4 11 0 7 8 9 2 10 5
29 5 24 8 0 6 3 2 10 1 7 9 11 4 5
29 7 22 7 8 6 3 2 10 1 0 9 11 4 5
29 5 24 8 0 6 3 5 10 1 7 9 11 2 4
29 7 22 7 8 6 3 5 10 1 0 9 11 2 4
29 9 20 4 8 6 3 0 5 1 7 9 11 2 10
28 10 18 4 8 6 3 2 5 1 7 9 11 0 10
27 11 16 4 8 6 3 2 5 1 7 9 11 10 0
29 11 18 4 8 6 3 5 2 1 7 9 11 0 10
28 12 16 4 8 6 3 5 2 1 7 9 11 10 0
29 9 20 1 8 6 3 0 5 10 7 9 11 2 4
29 11 18 1 8 6 3 5 2 10 7 9 11 0 4
28 12 16 1 8 6 3 5 2 10 7 9 11 4 0
29 9 20 1 8 6 3 0 5 4 7 9 11 2 10
28 10 18 1 8 6 3 2 5 4 7 9 11 0 10
27 11 16 1 8 6 3 2 5 4 7 9 11 10 0
29 11 18 1 8 6 3 5 2 4 7 9 11 0 10
28 12 16 1 8 6 3 5 2 4 7 9 11 10 0
29 7 22 8 0 6 3 5 4 1 7 9 11 2 10
29 9 20 7 8 6 3 5 4 1 0 9 11 2 10
29 7 22 8 0 6 2 5 10 1 7 9 3 11 4
29 9 20 7 8 6 2 5 10 1 0 9 3 11 4
29 11 18 4 8 6 2 0 5 1 7 9 3 11 10
29 11 18 1 8 6 2 0 5 10 7 9 3 11 4
29 11 18 1 8 6 2 0 5 4 7 9 3 11 10
29 11 18 1 8 6 0 5 10 7 9 3 2 11 4
29 9 20 10 8 6 2 11 4 1 7 9 3 0 5
29 11 18 10 8 6 2 4 5 1 7 9 3 0 11
29 9 20 8 0 6 2 5 4 1 7 9 3 11 10
29 11 18 7 8 6 2 5 4 1 0 9 3 11 10
29 13 16 1 8 6 0 5 4 7 9 3 2 11 10
29 15 14 1 8 6 2 5 0 7 9 3 11 10 4
29 5 24 10 8 6 11 3 2 1 7 9 0 4 5
28 6 22 10 8 6 11 3 2 1 7 9 4 0 5
27 7 20 10 8 6 11 3 2 1 7 9 4 5 0
29 5 24 10 8 0 6 3 2 1 7 9 11 4 5
29 5 24 10 7 8 6 2 5 1 0 9 3 11 4
29 5 24 0 10 8 6 2 5 1 7 9 3 11 4
26 8 18 4 10 8 6 2 5 1 7 9 3 11 0
28 6 22 1 10 8 6 2 5 0 7 9 3 11 4
26 8 18 1 10 8 6 2 5 4 7 9 3 11 0
27 7 20 1 10 8 6 2 5 7 0 9 3 11 4
28 8 20 1 0 8 6 2 5 7 10 9 3 11 4
27 9 18 1 8 0 6 2 5 7 10 9 3 11 4
28 8 20 1 10 8 6 2 5 7 9 0 3 11 4
27 9 18 1 10 8 6 2 5 7 9 3 0 11 4
28 10 18 1 8 9 6 2 5 7 10 0 3 11 4
27 11 16 1 8 9 6 2 5 7 10 3 0 11 4
28 10 18 1 8 6 0 2 5 7 10 9 3 11 4
27 11 16 1 8 6 3 2 5 7 10 9 0 11 4
27 11 16 1 8 6 2 0 5 7 10 9 3 11 4
26 12 14 1 8 6 2 5 0 7 10 9 3 11 4
25 13 12 1 8 6 2 5 4 7 10 9 3 11 0
28 10 18 1 10 8 6 2 5 7 9 3 11 0 4
27 11 16 1 10 8 6 2 5 7 9 3 11 4 0
28 12 16 1 8 9 6 2 5 7 10 3 11 0 4
27 13 14 1 8 9 6 2 5 7 10 3 11 4 0
28 12 16 1 8 6 3 2 5 7 10 9 11 0 4
27 13 14 1 8 6 3 2 5 7 10 9 11 4 0
28 12 16 1 8 6 2 11 5 7 10 9 3 0 4
27 13 14 1 8 6 2 11 5 7 10 9 3 4 0
28 14 14 1 8 6 2 5 4 7 10 9 3 0 11
29 7 22 10 8 0 6 5 4 1 7 9 3 11 2
29 7 22 10 8 6 5 0 4 1 7 9 3 11 2
28 8 20 10 8 6 5 4 0 1 7 9 3 11 2
27 9 18 10 8 6 5 4 2 1 7 9 3 11 0
29 7 22 10 8 0 6 4 2 1 7 9 3 11 5
29 9 20 1 7 6 3 2 5 8 0 9 11 4 10
29 9 20 1 6 0 3 2 5 8 7 9 11 4 10
28 10 18 1 6 3 0 2 5 8 7 9 11 4 10
27 11 16 1 6 3 2 0 5 8 7 9 11 4 10
26 12 14 1 6 3 2 4 5 8 7 9 11 0 10
25 13 12 1 6 3 2 4 5 8 7 9 11 10 0
26 12 14 1 6 3 2 5 0 8 7 9 11 4 10
27 13 14 1 6 3 2 4 5 8 7 9 0 11 10
27 13 14 1 6 3 2 5 10 8 7 9 11 4 0
28 14 14 1 6 3 2 4 0 8 7 9 11 10 5
29 9 20 7 1 6 3 2 5 0 8 9 11 4 10
27 11 16 7 1 6 3 2 5 10 8 9 11 4 0
29 13 16 1 8 3 0 4 5 7 9 6 2 11 10
28 14 14 1 8 3 4 0 5 7 9 6 2 11 10
27 15 12 1 8 3 4 5 0 7 9 6 2 11 10
28 16 12 1 8 3 4 5 10 7 9 6 2 11 0
29 13 16 1 8 3 2 5 10 7 9 6 11 0 4
29 13 16 1 6 3 0 11 5 7 8 9 4 2 10
28 14 14 1 6 3 4 11 5 7 8 9 0 2 10
28 14 14 1 6 3 4 11 5 7 8 9 0 2 10
29 5 24 0 10 6 3 2 5 1 8 7 9 11 4
26 8 18 4 10 6 3 2 5 1 8 7 9 11 0
28 6 22 1 10 6 3 2 5 0 8 7 9 11 4
26 8 18 1 10 6 3 2 5 4 8 7 9 11 0
29 5 24 10 6 0 3 2 5 1 8 7 9 11 4
28 6 22 10 6 3 0 2 5 1 8 7 9 11 4
27 7 20 10 6 3 2 0 5 1 8 7 9 11 4
26 8 18 10 6 3 2 5 0 1 8 7 9 11 4
25 9 16 10 6 3 2 5 4 1 8 7 9 11 0
28 8 20 10 6 3 2 11 5 1 8 7 9 0 4
27 9 18 10 6 3 2 11 5 1 8 7 9 4 0
28 10 18 10 6 3 2 5 4 1 8 7 9 0 11
29 7 22 8 7 6 3 2 5 1 9 0 11 4 10
29 7 22 8 6 9 3 2 5 1 7 0 11 4 10
29 11 18 8 6 3 0 4 5 1 7 9 2 11 10
28 12 16 8 6 3 4 0 5 1 7 9 2 11 10
27 13 14 8 6 3 4 5 0 1 7 9 2 11 10
28 14 14 8 6 3 4 5 10 1 7 9 2 11 0
29 11 18 8 6 3 2 4 5 1 7 0 9 11 10
29 11 18 8 6 3 2 5 10 1 7 9 11 0 4
29 9 20 7 6 0 3 2 5 1 8 9 11 4 10
28 10 18 7 6 3 0 2 5 1 8 9 11 4 10
27 11 16 7 6 3 2 0 5 1 8 9 11 4 10
26 12 14 7 6 3 2 4 5 1 8 9 11 0 10
25 13 12 7 6 3 2 4 5 1 8 9 11 10 0
26 12 14 7 6 3 2 5 0 1 8 9 11 4 10
27 13 14 7 6 3 2 4 5 1 8 9 0 11 10
27 13 14 7 6 3 2 5 10 1 8 9 11 4 0
28 14 14 7 6 3 2 4 0 1 8 9 11 10 5
29 9 20 7 8 6 3 2 5 1 9 11 0 4 10
28 10 18 7 8 6 3 2 5 1 9 11 4 0 10
27 11 16 7 8 6 3 2 5 1 9 11 4 10 0
29 5 24 10 8 9 6 3 5 1 7 11 0 2 4
28 6 22 10 8 9 6 3 5 1 7 11 2 0 4
27 7 20 10 8 9 6 3 5 1 7 11 2 4 0
29 13 16 1 6 9 3 2 0 7 8 11 4 10 5
29 9 20 1 6 9 3 2 10 7 8 0 11 4 5
29 13 16 1 6 3 0 4 10 7 8 9 2 11 5
28 14 14 1 6 3 4 0 10 7 8 9 2 11 5
27 15 12 1 6 3 4 10 0 7 8 9 2 11 5
26 16 10 1 6 3 4 10 5 7 8 9 2 11 0
28 14 14 1 6 3 4 0 10 7 8 9 2 11 5
29 13 16 1 6 3 2 4 10 7 8 0 9 11 5
29 13 16 1 6 3 0 4 10 7 8 9 2 11 5
29 13 16 1 6 3 2 4 10 7 8 0 9 11 5
29 9 20 4 8 6 3 5 10 1 7 9 0 11 2
29 9 20 1 8 6 3 5 10 4 7 9 0 11 2
29 11 18 1 8 6 3 5 4 10 7 9 0 11 2
29 9 20 1 6 9 3 5 10 7 8 0 11 2 4
29 11 18 1 6 9 3 5 4 7 8 0 11 2 10
29 13 16 1 8 6 3 5 0 7 9 11 2 10 4
29 11 18 1 6 9 2 5 10 7 8 0 3 11 4
28 12 16 1 6 9 2 5 10 7 8 3 0 11 4
29 13 16 1 6 2 3 5 10 7 8 0 9 11 4
29 13 16 1 6 9 2 5 4 7 8 0 3 11 10
28 14 14 1 6 9 2 5 4 7 8 3 0 11 10
29 15 14 1 6 2 3 5 4 7 8 0 9 11 10
29 17 12 1 6 2 3 5 0 7 8 9 11 10 4
29 11 18 5 1 6 3 2 10 7 8 9 11 4 0
29 11 18 1 8 3 11 2 5 7 9 0 6 4 10
29 13 16 1 8 3 11 2 0 7 9 6 4 10 5
29 15 14 1 8 3 2 5 4 7 9 6 0 11 10
29 15 14 1 0 3 2 4 5 7 8 9 6 11 10
29 9 20 10 8 9 2 11 5 1 7 3 0 6 4
29 11 18 10 8 9 2 5 4 1 7 3 0 6 11
29 11 18 8 6 3 11 2 0 1 7 9 4 10 5
29 13 16 8 6 3 2 5 4 1 7 9 0 11 10
29 15 14 1 6 3 2 10 4 7 8 9 0 11 5
29 15 14 1 6 3 2 10 4 7 8 9 0 11 5
29 13 16 1 6 3 5 10 4 7 8 9 11 0 2
29 15 14 1 6 3 11 5 0 7 8 9 2 10 4
29 15 14 1 6 3 5 2 0 7 8 9 11 10 4
29 13 16 1 6 2 5 11 10 7 8 9 3 0 4
28 14 14 1 6 2 5 11 10 7 8 9 3 4 0
29 15 14 1 6 2 5 10 4 7 8 9 3 0 11
29 15 14 1 6 2 5 11 4 7 8 9 3 0 10
28 16 12 1 6 2 5 11 4 7 8 9 3 10 0
29 9 20 10 8 6 4 11 5 1 7 9 3 0 2
28 10 18 10 8 6 4 11 5 1 7 9 3 2 0
29 11 18 10 8 6 4 5 2 1 7 9 3 0 11
29 9 20 10 8 6 4 11 5 1 7 9 3 0 2
29 9 20 5 8 6 3 4 2 1 7 9 0 11 10
29 11 18 1 8 6 3 4 2 10 7 9 0 11 5
29 13 16 1 8 6 2 4 0 7 9 11 3 10 5
29 11 18 10 8 3 2 5 0 1 7 6 9 4 11
29 11 18 10 8 3 2 4 11 1 7 6 9 5 0
29 11 18 4 8 6 3 2 5 1 7 9 0 11 10
29 11 18 1 8 6 3 2 5 4 7 9 0 11 10
29 7 22 5 10 8 6 2 0 1 7 9 3 11 4
28 8 20 5 10 8 6 2 4 1 7 9 3 11 0
29 9 20 4 10 8 6 2 0 1 7 9 3 11 5
29 9 20 4 10 8 6 2 5 1 7 9 3 0 11
29 9 20 1 10 8 6 2 0 4 7 9 3 11 5
29 9 20 1 10 8 6 2 5 4 7 9 3 0 11
29 9 20 1 10 0 6 2 5 7 9 8 3 11 4
29 11 18 1 8 9 6 2 5 7 0 10 3 11 4
29 11 18 1 6 3 11 2 5 8 7 9 0 4 10
28 12 16 1 6 3 11 2 5 8 7 9 4 0 10
27 13 14 1 6 3 11 2 5 8 7 9 4 10 0
29 15 14 1 6 3 2 5 4 8 7 9 11 0 10
28 16 12 1 6 3 2 5 4 8 7 9 11 10 0
29 15 14 1 8 3 4 11 5 7 9 6 2 0 10
28 16 12 1 8 3 4 11 5 7 9 6 2 10 0
29 7 22 5 10 6 3 2 0 1 8 7 9 11 4
28 8 20 5 10 6 3 2 4 1 8 7 9 11 0
29 9 20 4 10 6 3 2 0 1 8 7 9 11 5
29 9 20 4 10 6 3 2 5 1 8 7 9 0 11
29 7 22 1 10 6 3 2 5 8 0 7 9 11 4
28 8 20 1 10 6 3 2 5 8 7 0 9 11 4
27 9 18 1 10 6 3 2 5 8 7 9 0 11 4
28 10 18 1 10 6 3 2 5 8 7 9 11 0 4
27 11 16 1 10 6 3 2 5 8 7 9 11 4 0
29 9 20 1 10 6 3 2 0 4 8 7 9 11 5
29 9 20 1 10 6 3 2 5 4 8 7 9 0 11
29 7 22 10 6 3 9 2 5 1 8 7 0 11 4
29 13 16 8 6 3 4 11 5 1 7 9 2 0 10
28 14 14 8 6 3 4 11 5 1 7 9 2 10 0
29 11 18 7 6 3 11 2 5 1 8 9 0 4 10
28 12 16 7 6 3 11 2 5 1 8 9 4 0 10
27 13 14 7 6 3 11 2 5 1 8 9 4 10 0
29 15 14 7 6 3 2 5 4 1 8 9 11 0 10
28 16 12 7 6 3 2 5 4 1 8 9 11 10 0
29 15 14 1 6 3 4 11 10 7 8 9 2 0 5
28 16 12 1 6 3 4 11 10 7 8 9 2 5 0
29 15 14 1 6 3 4 11 10 7 8 9 2 0 5
29 17 12 1 6 3 4 10 5 7 8 9 2 0 11
29 15 14 1 6 3 4 11 10 7 8 9 2 0 5
29 13 16 1 6 9 2 5 10 7 8 3 11 0 4
28 14 14 1 6 9 2 5 10 7 8 3 11 4 0
29 15 14 1 6 9 2 5 4 7 8 3 11 0 10
28 16 12 1 6 9 2 5 4 7 8 3 11 10 0
29 15 14 1 6 2 5 11 0 7 8 9 3 4 10
29 17 12 1 6 3 4 11 0 7 8 9 2 5 10
29 15 14 1 6 9 2 5 0 7 8 3 11 4 10
30 8 22 0 8 6 2 11 5 1 7 9 3 4 10
29 9 20 1 8 6 2 11 5 0 7 9 3 4 10
27 11 16 1 8 6 2 11 5 10 7 9 3 4 0
28 10 18 1 8 6 2 11 5 7 0 9 3 4 10
29 11 18 1 0 6 2 11 5 7 8 9 3 4 10
29 11 18 1 8 6 2 11 5 7 9 0 3 4 10
28 12 16 1 8 6 2 11 5 7 9 3 0 4 10
27 13 14 1 8 6 2 11 5 7 9 3 4 0 10
26 14 12 1 8 6 2 11 5 7 9 3 4 10 0
28 14 14 1 8 6 2 0 5 7 9 3 4 11 10
27 15 12 1 8 6 2 5 0 7 9 3 4 11 10
28 16 12 1 8 6 2 5 10 7 9 3 4 11 0
29 15 14 1 8 6 2 11 0 7 9 3 4 10 5
30 8 22 0 8 6 3 4 2 1 7 9 11 5 10
24 10 14 2 8 6 3 4 0 1 7 9 11 5 10
25 11 14 2 8 6 3 4 10 1 7 9 11 5 0
27 11 16 2 8 6 3 0 4 1 7 9 11 5 10
26 12 14 2 8 6 3 5 4 1 7 9 11 0 10
25 13 12 2 8 6 3 5 4 1 7 9 11 10 0
27 13 14 2 8 6 3 4 5 1 7 9 11 0 10
26 14 12 2 8 6 3 4 5 1 7 9 11 10 0
27 13 14 2 8 6 3 5 4 1 7 9 0 11 10
28 12 16 2 8 6 3 4 10 1 7 9 11 0 5
28 14 14 2 8 6 3 5 0 1 7 9 11 10 4
28 14 14 2 8 6 3 4 5 1 7 9 0 11 10
29 9 20 1 8 6 3 4 2 0 7 9 11 5 10
26 12 14 1 8 6 3 4 0 2 7 9 11 5 10
27 13 14 1 8 6 3 4 10 2 7 9 11 5 0
28 10 18 1 8 6 3 4 2 7 0 9 11 5 10
29 9 20 1 8 6 3 4 2 0 7 9 11 5 10
29 15 14 2 8 6 3 4 0 1 7 9 11 10 5
29 13 16 2 8 6 3 4 10 1 7 9 0 11 5
29 13 16 1 8 6 3 0 4 2 7 9 11 5 10
28 14 14 1 8 6 3 5 4 2 7 9 11 0 10
27 15 12 1 8 6 3 5 4 2 7 9 11 10 0
29 15 14 1 8 6 3 4 5 2 7 9 11 0 10
28 16 12 1 8 6 3 4 5 2 7 9 11 10 0
29 11 18 1 0 6 3 4 2 7 8 9 11 5 10
29 11 18 1 8 6 3 4 2 7 9 0 11 5 10
29 15 14 1 8 6 3 5 4 2 7 9 0 11 10
30 10 20 1 8 6 3 0 5 10 7 9 11 4 2
29 11 18 1 8 6 3 5 0 10 7 9 11 4 2
29 11 18 1 8 6 3 4 5 10 7 9 11 0 2
28 12 16 1 8 6 3 4 5 10 7 9 11 2 0
29 11 18 1 8 6 3 5 0 10 7 9 11 4 2
30 8 22 10 8 6 2 0 11 1 7 9 3 5 4
29 9 20 10 8 6 2 11 0 1 7 9 3 5 4
29 9 20 10 8 6 2 11 0 1 7 9 3 5 4
30 8 22 10 8 6 2 5 11 1 7 9 0 3 4
30 4 26 10 0 8 3 2 5 1 7 6 9 11 4
30 8 22 0 8 3 2 5 10 1 7 6 9 11 4
27 11 16 4 8 3 2 5 10 1 7 6 9 11 0
28 12 16 4 8 3 2 5 0 1 7 6 9 11 10
29 9 20 1 8 3 2 5 10 0 7 6 9 11 4
27 11 16 1 8 3 2 5 10 4 7 6 9 11 0
28 10 18 1 8 3 2 5 10 7 0 6 9 11 4
28 12 16 1 8 3 2 5 0 10 7 6 9 11 4
27 13 14 1 8 3 2 5 4 10 7 6 9 11 0
28 12 16 1 8 3 2 5 0 4 7 6 9 11 10
29 11 18 1 0 3 2 5 10 7 8 6 9 11 4
29 11 18 1 8 3 2 5 10 7 6 0 9 11 4
28 12 16 1 8 3 2 5 10 7 6 9 0 11 4
29 13 16 1 8 3 2 5 10 7 6 9 11 0 4
28 14 14 1 8 3 2 5 10 7 6 9 11 4 0
29 15 14 1 8 3 2 5 0 7 6 9 11 4 10
30 10 20 10 8 3 2 0 4 1 7 6 9 11 5
29 11 18 10 8 3 2 4 0 1 7 6 9 11 5
28 12 16 10 8 3 2 4 5 1 7 6 9 11 0
30 10 20 0 8 3 2 5 4 1 7 6 9 11 10
29 11 18 1 8 3 2 5 4 0 7 6 9 11 10
28 12 16 1 8 3 2 5 4 7 0 6 9 11 10
29 11 18 1 8 3 2 5 4 0 7 6 9 11 10
29 13 16 1 0 3 2 5 4 7 8 6 9 11 10
29 13 16 1 8 3 2 5 4 7 6 0 9 11 10
28 14 14 1 8 3 2 5 4 7 6 9 0 11 10
29 15 14 1 8 3 2 5 4 7 6 9 11 0 10
28 16 12 1 8 3 2 5 4 7 6 9 11 10 0
29 15 14 1 8 3 2 5 4 7 6 9 11 0 10
30 10 20 10 8 3 2 0 5 1 7 6 9 4 11
29 11 18 10 8 3 2 4 5 1 7 6 9 0 11
29 11 18 10 8 3 2 4 5 1 7 6 9 0 11
30 4 26 10 8 6 3 2 5 0 1 7 9 11 4
28 6 22 10 8 6 3 2 5 4 1 7 9 11 0
30 6 24 10 8 6 0 3 4 1 7 9 11 5 2
30 6 24 10 8 6 0 11 5 1 7 9 2 3 4
30 6 24 10 8 6 2 11 5 1 7 0 9 3 4
30 8 22 10 8 6 0 2 4 1 7 9 3 5 11
29 9 20 10 8 6 3 2 4 1 7 9 0 5 11
30 8 22 10 8 6 0 5 4 1 7 9 2 3 11
30 8 22 10 8 6 2 5 4 1 7 0 9 3 11
30 8 22 7 8 6 3 2 5 0 1 9 11 4 10
28 10 18 7 8 6 3 2 5 10 1 9 11 4 0
30 4 26 10 8 6 11 3 5 1 7 0 9 2 4
30 4 26 10 0 8 6 3 5 1 7 9 11 2 4
30 8 22 5 8 6 3 2 10 1 7 9 11 0 4
30 10 20 1 8 6 0 2 5 10 7 9 3 11 4
30 10 20 1 8 6 3 2 5 10 7 0 9 11 4
30 10 20 1 6 9 3 2 5 7 0 8 11 4 10
30 14 16 1 6 0 3 4 5 7 8 9 2 11 10
30 18 12 1 6 3 4 5 11 7 8 9 2 0 10
29 19 10 1 6 3 4 5 11 7 8 9 2 10 0
30 14 16 1 6 0 2 4 5 7 8 3 9 11 10
29 15 14 1 6 2 0 4 5 7 8 3 9 11 10
28 16 12 1 6 2 4 0 5 7 8 3 9 11 10
27 17 10 1 6 2 4 5 0 7 8 3 9 11 10
28 18 10 1 6 2 4 5 10 7 8 3 9 11 0
29 17 12 1 6 2 4 11 5 7 8 3 9 0 10
28 18 10 1 6 2 4 11 5 7 8 3 9 10 0
30 14 16 1 6 3 2 4 5 7 0 8 9 11 10
30 14 16 1 6 3 2 0 10 7 8 9 11 5 4
29 15 14 1 6 3 2 10 0 7 8 9 11 5 4
29 15 14 1 6 3 2 10 0 7 8 9 11 5 4
30 12 18 1 8 6 3 0 2 7 9 11 4 10 5
30 14 16 1 6 3 11 0 2 7 8 9 4 10 5
30 16 14 1 6 3 0 5 4 7 8 9 2 11 10
30 16 14 1 6 3 2 5 4 7 8 0 9 11 10
30 8 22 1 0 6 3 2 10 8 7 9 11 4 5
30 8 22 1 0 6 3 2 10 8 7 9 11 4 5
30 8 22 1 8 6 3 2 10 5 7 9 11 0 4
30 8 22 0 1 6 3 2 10 7 8 9 11 4 5
28 10 18 10 1 6 3 2 0 7 8 9 11 4 5
28 10 18 10 1 6 3 2 0 7 8 9 11 4 5
30 8 22 1 8 0 3 2 10 7 9 6 11 4 5
29 9 20 1 8 3 0 2 10 7 9 6 11 4 5
28 10 18 1 8 3 2 0 10 7 9 6 11 4 5
27 11 16 1 8 3 2 4 10 7 9 6 11 0 5
26 12 14 1 8 3 2 4 10 7 9 6 11 5 0
27 11 16 1 8 3 2 4 10 7 9 6 11 0 5
27 11 16 1 8 3 2 10 0 7 9 6 11 4 5
26 12 14 1 8 3 2 10 5 7 9 6 11 4 0
27 13 14 1 8 3 2 4 0 7 9 6 11 5 10
28 10 18 1 8 3 2 0 10 7 9 6 11 4 5
28 12 16 1 8 3 2 4 10 7 9 6 0 11 5
28 12 16 1 8 3 2 4 10 7 9 6 0 11 5
29 13 16 1 8 3 2 10 5 7 9 6 11 0 4
29 13 16 1 8 3 2 4 10 7 9 0 6 11 5
29 13 16 1 8 3 2 4 10 7 9 0 6 11 5
30 8 22 1 8 6 3 2 10 5 7 9 11 0 4
30 8 22 1 0 6 3 5 10 8 7 9 11 2 4
30 8 22 0 1 6 3 5 10 7 8 9 11 2 4
27 11 16 4 1 6 3 5 10 7 8 9 11 2 0
28 10 18 10 1 6 3 5 0 7 8 9 11 2 4
27 11 16 10 1 6 3 5 4 7 8 9 11 2 0
28 12 16 4 1 6 3 5 0 7 8 9 11 2 10
30 8 22 1 8 0 3 5 10 7 9 6 11 2 4
29 9 20 1 8 3 0 5 10 7 9 6 11 2 4
30 10 20 1 0 6 3 5 4 8 7 9 11 2 10
30 10 20 1 0 6 3 5 4 8 7 9 11 2 10
30 10 20 0 1 6 3 5 4 7 8 9 11 2 10
30 10 20 1 8 0 3 5 4 7 9 6 11 2 10
29 11 18 1 8 3 0 5 4 7 9 6 11 2 10
30 10 20 1 0 6 2 5 10 8 7 9 3 11 4
30 10 20 0 1 6 2 5 10 7 8 9 3 11 4
27 13 14 4 1 6 2 5 10 7 8 9 3 11 0
28 12 16 10 1 6 2 5 0 7 8 9 3 11 4
27 13 14 10 1 6 2 5 4 7 8 9 3 11 0
28 14 14 4 1 6 2 5 0 7 8 9 3 11 10
30 10 20 1 8 0 2 5 10 7 9 6 3 11 4
29 11 18 1 8 2 0 5 10 7 9 6 3 11 4
28 12 16 1 8 2 3 5 10 7 9 6 0 11 4
29 13 16 1 8 2 3 5 10 7 9 0 6 11 4
29 13 16 1 8 2 3 5 10 7 9 6 11 0 4
28 14 14 1 8 2 3 5 10 7 9 6 11 4 0
29 15 14 1 8 2 3 5 0 7 9 6 11 4 10
30 12 18 1 8 6 2 0 10 7 9 3 11 5 4
29 13 16 1 8 6 2 10 0 7 9 3 11 5 4
28 14 14 1 8 6 2 10 4 7 9 3 11 5 0
30 14 16 1 8 6 2 0 5 7 9 3 11 4 10
29 15 14 1 8 6 2 4 5 7 9 3 11 0 10
28 16 12 1 8 6 2 4 5 7 9 3 11 10 0
30 12 18 1 0 6 2 5 4 8 7 9 3 11 10
30 12 18 1 0 6 2 5 4 8 7 9 3 11 10
30 12 18 0 1 6 2 5 4 7 8 9 3 11 10
30 12 18 1 8 0 2 5 4 7 9 6 3 11 10
29 13 16 1 8 2 0 5 4 7 9 6 3 11 10
28 14 14 1 8 2 3 5 4 7 9 6 0 11 10
29 15 14 1 8 2 3 5 4 7 9 6 11 0 10
28 16 12 1 8 2 3 5 4 7 9 6 11 10 0
29 15 14 1 8 2 3 5 4 7 9 0 6 11 10
29 15 14 1 8 2 3 5 4 7 9 6 11 0 10
30 14 16 1 8 6 2 0 4 7 9 3 11 5 10
29 15 14 1 8 6 2 4 0 7 9 3 11 5 10
30 14 16 1 8 6 2 0 4 7 9 3 11 5 10
30 10 20 10 8 6 2 4 5 1 7 9 0 3 11
30 10 20 10 8 6 2 4 5 1 7 9 0 3 11
30 12 18 10 1 6 3 2 5 7 8 9 11 0 4
30 14 16 1 8 3 2 0 4 7 9 6 11 10 5
30 14 16 1 8 0 2 4 5 7 9 3 6 11 10
29 15 14 1 8 2 0 4 5 7 9 3 6 11 10
28 16 12 1 8 2 6 4 5 7 9 3 0 11 10
28 16 12 1 8 2 4 0 5 7 9 3 6 11 10
27 17 10 1 8 2 4 5 0 7 9 3 6 11 10
28 18 10 1 8 2 4 5 10 7 9 3 6 11 0
29 17 12 1 8 2 6 4 5 7 9 3 11 0 10
28 18 10 1 8 2 6 4 5 7 9 3 11 10 0
29 17 12 1 8 2 4 11 5 7 9 3 6 0 10
28 18 10 1 8 2 4 11 5 7 9 3 6 10 0
30 14 16 1 8 6 3 5 2 7 9 11 4 0 10
29 15 14 1 8 6 3 5 2 7 9 11 4 10 0
30 16 14 1 6 3 11 5 2 7 8 9 4 0 10
29 17 12 1 6 3 11 5 2 7 8 9 4 10 0
30 12 18 8 6 3 2 0 4 1 7 9 11 10 5
30 12 18 1 6 9 3 0 5 7 8 11 4 2 10
29 13 16 1 6 9 3 5 0 7 8 11 4 2 10
30 8 22 10 8 3 9 2 0 1 7 6 11 4 5
30 10 20 1 8 6 3 0 10 7 9 11 4 2 5
29 11 18 1 8 6 3 10 0 7 9 11 4 2 5
28 12 16 1 8 6 3 10 5 7 9 11 4 2 0
30 10 20 1 8 6 3 0 10 7 9 11 4 2 5
30 12 18 1 8 6 3 0 2 7 9 11 4 5 10
29 13 16 1 8 6 3 5 2 7 9 11 4 0 10
28 14 14 1 8 6 3 5 2 7 9 11 4 10 0
30 10 20 1 8 6 3 0 10 7 9 11 2 5 4
29 11 18 1 8 6 3 10 0 7 9 11 2 5 4
28 12 16 1 8 6 3 10 4 7 9 11 2 5 0
30 12 18 1 8 6 3 0 5 7 9 11 2 4 10
29 13 16 1 8 6 3 4 5 7 9 11 2 0 10
28 14 14 1 8 6 3 4 5 7 9 11 2 10 0
30 12 18 1 8 6 3 0 4 7 9 11 2 5 10
29 13 16 1 8 6 3 4 0 7 9 11 2 5 10
30 12 18 1 8 6 3 0 4 7 9 11 2 5 10
30 14 16 1 6 2 3 0 10 7 8 9 11 5 4
29 15 14 1 6 2 3 10 0 7 8 9 11 5 4
28 16 12 1 6 2 3 10 4 7 8 9 11 5 0
30 16 14 1 6 2 3 0 5 7 8 9 11 4 10
29 17 12 1 6 2 3 4 5 7 8 9 11 0 10
28 18 10 1 6 2 3 4 5 7 8 9 11 10 0
30 16 14 1 6 2 3 0 4 7 8 9 11 5 10
29 17 12 1 6 2 3 4 0 7 8 9 11 5 10
30 16 14 1 6 2 3 0 4 7 8 9 11 5 10
30 10 20 10 8 6 4 11 0 1 7 9 3 5 2
30 12 18 1 8 3 11 0 5 7 9 6 4 2 10
29 13 16 1 8 3 11 5 0 7 9 6 4 2 10
30 16 14 1 8 3 2 5 0 7 9 6 11 10 4
30 10 20 10 8 9 2 11 0 1 7 3 6 4 5
30 10 20 8 6 3 11 0 5 1 7 9 4 2 10
29 11 18 8 6 3 11 5 0 1 7 9 4 2 10
30 14 16 8 6 3 2 5 0 1 7 9 11 10 4
30 12 18 1 6 3 11 0 10 7 8 9 4 2 5
29 13 16 1 6 3 11 10 0 7 8 9 4 2 5
28 14 14 1 6 3 11 10 5 7 8 9 4 2 0
30 12 18 1 6 3 11 0 10 7 8 9 4 2 5
30 12 18 1 6 3 11 0 10 7 8 9 4 2 5
30 14 16 1 6 3 11 0 2 7 8 9 4 5 10
29 15 14 1 6 3 11 5 2 7 8 9 4 0 10
28 16 12 1 6 3 11 5 2 7 8 9 4 10 0
30 12 18 1 6 3 11 0 10 7 8 9 2 5 4
29 13 16 1 6 3 11 10 0 7 8 9 2 5 4
28 14 14 1 6 3 11 10 4 7 8 9 2 5 0
30 14 16 1 6 3 11 0 5 7 8 9 2 4 10
29 15 14 1 6 3 11 4 5 7 8 9 2 0 10
28 16 12 1 6 3 11 4 5 7 8 9 2 10 0
30 14 16 1 6 3 5 10 2 7 8 9 11 0 4
29 15 14 1 6 3 5 10 2 7 8 9 11 4 0
30 14 16 1 6 3 5 0 2 7 8 9 11 4 10
29 15 14 1 6 3 5 4 2 7 8 9 11 0 10
28 16 12 1 6 3 5 4 2 7 8 9 11 10 0
29 15 14 1 6 3 5 4 2 7 8 9 11 0 10
30 14 16 1 6 3 11 0 4 7 8 9 2 5 10
29 15 14 1 6 3 11 4 0 7 8 9 2 5 10
30 14 16 1 6 3 11 0 4 7 8 9 2 5 10
30 6 24 10 8 6 11 3 5 1 7 9 0 4 2
29 7 22 10 8 6 11 3 5 1 7 9 4 0 2
28 8 20 10 8 6 11 3 5 1 7 9 4 2 0
30 6 24 10 8 0 6 3 5 1 7 9 11 4 2
30 8 22 10 8 0 6 2 4 1 7 9 3 11 5
30 8 22 10 8 0 6 5 2 1 7 9 3 11 4
30 8 22 10 8 6 5 0 2 1 7 9 3 11 4
29 9 20 10 8 6 5 2 0 1 7 9 3 11 4
28 10 18 10 8 6 5 2 4 1 7 9 3 11 0
30 6 24 10 0 9 6 2 5 1 8 7 3 11 4
30 8 22 10 8 0 6 4 5 1 7 9 3 11 2
30 10 20 5 8 6 3 4 0 1 7 9 11 10 2
30 10 20 5 8 6 3 2 4 1 7 9 0 11 10
30 12 18 1 8 6 3 4 0 10 7 9 11 5 2
30 12 18 1 8 6 3 2 4 10 7 9 0 11 5
30 10 20 1 8 0 6 2 5 7 9 11 3 4 10
30 12 18 1 8 6 2 4 5 7 9 11 0 3 10
30 14 16 1 8 6 2 5 4 7 9 11 3 0 10
29 15 14 1 8 6 2 5 4 7 9 11 3 10 0
30 8 22 10 8 9 0 6 5 1 7 3 11 2 4
30 10 20 10 8 9 6 5 4 1 7 3 11 0 2
30 8 22 10 8 3 2 11 5 1 7 0 6 9 4
30 10 20 10 8 3 2 5 4 1 7 0 6 9 11
30 6 24 10 8 6 0 11 5 1 7 9 2 3 4
30 8 22 10 8 6 11 5 4 1 7 9 2 0 3
30 6 24 8 7 6 3 2 10 1 0 9 11 4 5
30 6 24 8 6 0 3 2 10 1 7 9 11 4 5
29 7 22 8 6 3 0 2 10 1 7 9 11 4 5
28 8 20 8 6 3 2 0 10 1 7 9 11 4 5
27 9 18 8 6 3 2 4 10 1 7 9 11 0 5
26 10 16 8 6 3 2 4 10 1 7 9 11 5 0
27 9 18 8 6 3 2 4 10 1 7 9 11 0 5
27 9 18 8 6 3 2 10 0 1 7 9 11 4 5
26 10 16 8 6 3 2 10 5 1 7 9 11 4 0
27 11 16 8 6 3 2 4 0 1 7 9 11 5 10
28 8 20 8 6 3 2 0 10 1 7 9 11 4 5
28 10 18 8 6 3 2 4 10 1 7 9 0 11 5
28 10 18 8 6 3 2 4 10 1 7 9 0 11 5
29 11 18 8 6 3 2 10 5 1 7 9 11 0 4
30 8 22 7 0 6 3 2 10 1 8 9 11 4 5
30 8 22 7 8 6 3 2 10 1 9 0 11 4 5
30 6 24 8 7 6 3 5 10 1 0 9 11 2 4
30 6 24 8 6 0 3 5 10 1 7 9 11 2 4
29 7 22 8 6 3 0 5 10 1 7 9 11 2 4
30 8 22 7 0 6 3 5 10 1 8 9 11 2 4
30 8 22 7 8 6 3 5 10 1 9 0 11 2 4
30 12 18 4 8 6 3 2 0 1 7 9 11 10 5
30 12 18 4 8 6 3 5 2 1 7 9 0 11 10
30 12 18 1 8 6 3 5 2 10 7 9 0 11 4
30 12 18 1 8 6 3 2 0 4 7 9 11 10 5
30 12 18 1 8 6 3 5 2 4 7 9 0 11 10
30 8 22 8 7 6 3 5 4 1 0 9 11 2 10
30 8 22 8 6 0 3 5 4 1 7 9 11 2 10
29 9 20 8 6 3 0 5 4 1 7 9 11 2 10
30 10 20 7 0 6 3 5 4 1 8 9 11 2 10
30 10 20 7 8 6 3 5 4 1 9 0 11 2 10
30 8 22 8 7 6 2 5 10 1 0 9 3 11 4
30 8 22 8 6 0 2 5 10 1 7 9 3 11 4
29 9 20 8 6 2 0 5 10 1 7 9 3 11 4
28 10 18 8 6 2 3 5 10 1 7 9 0 11 4
29 11 18 8 6 2 3 5 10 1 7 9 11 0 4
28 12 16 8 6 2 3 5 10 1 7 9 11 4 0
29 13 16 8 6 2 3 5 0 1 7 9 11 4 10
30 10 20 7 0 6 2 5 10 1 8 9 3 11 4
30 10 20 7 8 6 2 5 10 1 9 0 3 11 4
29 11 18 7 8 6 2 5 10 1 9 3 0 11 4
30 12 18 4 8 6 2 11 5 1 7 9 3 0 10
29 13 16 4 8 6 2 11 5 1 7 9 3 10 0
30 12 18 1 8 6 2 11 5 10 7 9 3 0 4
30 12 18 1 8 6 2 11 5 4 7 9 3 0 10
29 13 16 1 8 6 2 11 5 4 7 9 3 10 0
30 12 18 1 8 0 6 5 10 7 9 3 2 11 4
29 13 16 1 8 3 6 5 10 7 9 0 2 11 4
28 14 14 1 8 3 6 5 10 7 9 2 0 11 4
29 15 14 1 8 3 6 5 10 7 9 2 11 0 4
28 16 12 1 8 3 6 5 10 7 9 2 11 4 0
29 17 12 1 8 3 6 5 0 7 9 2 11 4 10
30 12 18 1 8 6 5 0 10 7 9 3 2 11 4
29 13 16 1 8 6 5 10 0 7 9 3 2 11 4
28 14 14 1 8 6 5 10 4 7 9 3 2 11 0
30 10 20 8 7 6 2 5 4 1 0 9 3 11 10
30 10 20 8 6 0 2 5 4 1 7 9 3 11 10
29 11 18 8 6 2 0 5 4 1 7 9 3 11 10
28 12 16 8 6 2 3 5 4 1 7 9 0 11 10
29 13 16 8 6 2 3 5 4 1 7 9 11 0 10
28 14 14 8 6 2 3 5 4 1 7 9 11 10 0
29 13 16 8 6 2 3 5 4 1 7 9 11 0 10
30 12 18 7 0 6 2 5 4 1 8 9 3 11 10
30 12 18 7 8 6 2 5 4 1 9 0 3 11 10
29 13 16 7 8 6 2 5 4 1 9 3 0 11 10
30 14 16 1 8 0 6 5 4 7 9 3 2 11 10
29 15 14 1 8 3 6 5 4 7 9 0 2 11 10
28 16 12 1 8 3 6 5 4 7 9 2 0 11 10
29 17 12 1 8 3 6 5 4 7 9 2 11 0 10
28 18 10 1 8 3 6 5 4 7 9 2 11 10 0
29 17 12 1 8 3 6 5 4 7 9 2 11 0 10
30 14 16 1 8 6 5 0 4 7 9 3 2 11 10
29 15 14 1 8 6 5 4 0 7 9 3 2 11 10
30 8 22 10 8 6 11 3 0 1 7 9 4 5 2
30 6 24 10 8 9 6 3 2 1 7 0 11 4 5
30 6 24 10 7 8 6 2 5 1 9 0 3 11 4
29 7 22 10 7 8 6 2 5 1 9 3 0 11 4
30 8 22 7 10 8 6 2 5 1 0 9 3 11 4
30 10 20 1 10 8 0 2 5 7 9 3 6 11 4
29 11 18 1 10 8 2 0 5 7 9 3 6 11 4
28 12 16 1 10 8 2 5 0 7 9 3 6 11 4
27 13 14 1 10 8 2 5 4 7 9 3 6 11 0
30 12 18 1 8 9 0 2 5 7 10 3 6 11 4
29 13 16 1 8 9 2 0 5 7 10 3 6 11 4
28 14 14 1 8 9 2 5 0 7 10 3 6 11 4
27 15 12 1 8 9 2 5 4 7 10 3 6 11 0
30 12 18 1 8 6 3 2 5 7 10 0 9 11 4
30 12 18 1 10 8 6 2 0 7 9 3 11 4 5
30 14 16 1 8 9 6 2 0 7 10 3 11 4 5
30 14 16 1 8 6 3 2 0 7 10 9 11 4 5
30 14 16 1 8 6 2 11 0 7 10 9 3 4 5
30 8 22 10 8 9 6 5 4 1 7 0 3 11 2
29 9 20 10 8 9 6 5 4 1 7 3 0 11 2
29 9 20 10 8 9 6 5 4 1 7 3 0 11 2
30 8 22 10 8 6 5 11 4 1 7 9 3 0 2
29 9 20 10 8 6 5 11 4 1 7 9 3 2 0
30 10 20 10 8 6 5 4 2 1 7 9 3 0 11
30 8 22 10 8 9 6 4 2 1 7 0 3 11 5
29 9 20 10 8 9 6 4 2 1 7 3 0 11 5
30 10 20 1 7 6 3 2 5 0 8 9 11 4 10
28 12 16 1 7 6 3 2 5 10 8 9 11 4 0
30 10 20 1 7 6 3 2 5 8 9 0 11 4 10
30 10 20 1 6 9 3 2 5 8 7 0 11 4 10
30 14 16 1 6 3 0 4 5 8 7 9 2 11 10
29 15 14 1 6 3 4 0 5 8 7 9 2 11 10
28 16 12 1 6 3 4 5 0 8 7 9 2 11 10
29 17 12 1 6 3 4 5 10 8 7 9 2 11 0
30 14 16 1 6 3 2 4 5 8 7 0 9 11 10
30 14 16 1 6 3 2 5 10 8 7 9 11 0 4
30 10 20 7 1 6 3 2 5 8 0 9 11 4 10
30 12 18 7 1 6 3 2 0 10 8 9 11 4 5
30 12 18 7 1 6 3 2 5 10 8 9 11 0 4
30 14 16 1 8 3 2 5 10 7 9 6 0 11 4
30 6 24 10 6 7 3 2 5 1 8 0 9 11 4
29 7 22 10 6 7 3 2 5 1 8 9 0 11 4
30 10 20 10 6 3 2 11 0 1 8 7 9 4 5
30 8 22 8 7 6 3 2 5 1 9 11 0 4 10
29 9 20 8 7 6 3 2 5 1 9 11 4 0 10
28 10 18 8 7 6 3 2 5 1 9 11 4 10 0
30 8 22 8 6 9 3 2 5 1 7 11 0 4 10
29 9 20 8 6 9 3 2 5 1 7 11 4 0 10
28 10 18 8 6 9 3 2 5 1 7 11 4 10 0
30 12 18 8 6 3 2 5 10 1 7 9 0 11 4
30 10 20 7 6 9 3 2 5 1 8 0 11 4 10
30 14 16 7 6 3 0 4 5 1 8 9 2 11 10
29 15 14 7 6 3 4 0 5 1 8 9 2 11 10
28 16 12 7 6 3 4 5 0 1 8 9 2 11 10
29 17 12 7 6 3 4 5 10 1 8 9 2 11 0
30 14 16 7 6 3 2 4 5 1 8 0 9 11 10
30 14 16 7 6 3 2 5 10 1 8 9 11 0 4
30 12 18 7 8 6 3 2 0 1 9 11 4 10 5
30 8 22 10 8 9 6 3 0 1 7 11 2 4 5
30 10 20 1 6 9 3 2 10 7 8 11 0 4 5
29 11 18 1 6 9 3 2 10 7 8 11 4 0 5
28 12 16 1 6 9 3 2 10 7 8 11 4 5 0
29 11 18 1 6 9 3 2 10 7 8 11 4 0 5
29 13 16 1 6 9 3 2 0 7 8 11 4 5 10
30 10 20 1 6 9 3 5 10 7 8 11 0 2 4
29 11 18 1 6 9 3 5 10 7 8 11 2 0 4
28 12 16 1 6 9 3 5 10 7 8 11 2 4 0
29 13 16 1 6 9 3 5 0 7 8 11 2 4 10
30 12 18 1 6 9 3 5 4 7 8 11 0 2 10
29 13 16 1 6 9 3 5 4 7 8 11 2 0 10
28 14 14 1 6 9 3 5 4 7 8 11 2 10 0
29 13 16 1 6 9 3 5 4 7 8 11 2 0 10
30 12 18 1 8 3 11 2 5 7 0 9 6 4 10
30 16 14 1 8 3 2 5 4 7 9 0 6 11 10
30 16 14 1 3 0 2 4 5 7 8 9 6 11 10
29 17 12 1 3 2 0 4 5 7 8 9 6 11 10
28 18 10 1 3 2 6 4 5 7 8 9 0 11 10
28 18 10 1 3 2 4 0 5 7 8 9 6 11 10
27 19 8 1 3 2 4 5 0 7 8 9 6 11 10
28 20 8 1 3 2 4 5 10 7 8 9 6 11 0
29 19 10 1 3 2 6 4 5 7 8 9 11 0 10
28 20 8 1 3 2 6 4 5 7 8 9 11 10 0
29 19 10 1 3 2 4 11 5 7 8 9 6 0 10
28 20 8 1 3 2 4 11 5 7 8 9 6 10 0
30 14 16 1 6 3 5 0 4 7 8 9 11 10 2
29 15 14 1 6 3 5 4 0 7 8 9 11 10 2
29 15 14 1 6 3 5 4 0 7 8 9 11 10 2
30 14 16 1 6 3 5 0 4 7 8 9 11 10 2
30 14 16 1 6 3 5 10 4 7 8 9 0 11 2
30 16 14 1 6 2 5 0 4 7 8 9 3 10 11
29 17 12 1 6 2 5 4 0 7 8 9 3 10 11
30 10 20 1 0 10 6 2 5 7 9 8 3 11 4
30 10 20 1 10 6 0 2 5 7 9 8 3 11 4
29 11 18 1 10 6 3 2 5 7 9 8 0 11 4
29 11 18 1 10 6 2 0 5 7 9 8 3 11 4
28 12 16 1 10 6 2 5 0 7 9 8 3 11 4
27 13 14 1 10 6 2 5 4 7 9 8 3 11 0
30 12 18 1 0 9 6 2 5 7 8 10 3 11 4
30 14 16 1 6 3 11 2 0 8 7 9 4 10 5
30 16 14 1 6 3 2 5 4 8 7 9 0 11 10
30 8 22 1 0 6 3 2 5 8 10 7 9 11 4
30 10 20 1 10 6 0 2 5 8 7 9 3 11 4
29 11 18 1 10 6 2 0 5 8 7 9 3 11 4
28 12 16 1 10 6 2 5 0 8 7 9 3 11 4
27 13 14 1 10 6 2 5 4 8 7 9 3 11 0
30 12 18 1 10 6 3 2 0 8 7 9 11 4 5
30 8 22 10 6 3 9 2 5 1 8 7 11 0 4
29 9 20 10 6 3 9 2 5 1 8 7 11 4 0
30 14 16 7 6 3 11 2 0 1 8 9 4 10 5
30 16 14 7 6 3 2 5 4 1 8 9 0 11 10
30 18 12 1 6 3 4 0 5 7 8 9 2 10 11
29 19 10 1 6 3 4 5 0 7 8 9 2 10 11
29 19 10 1 6 3 4 5 0 7 8 9 2 10 11
30 18 12 1 6 3 4 0 5 7 8 9 2 10 11
30 10 20 5 8 6 2 11 0 1 7 9 3 4 10
30 12 18 1 8 6 2 11 0 10 7 9 3 4 5
30 12 18 1 8 6 2 11 5 10 7 9 3 0 4
30 12 18 1 6 0 2 11 5 7 8 9 3 4 10
29 13 16 1 6 2 0 11 5 7 8 9 3 4 10
28 14 14 1 6 2 3 11 5 7 8 9 0 4 10
27 15 12 1 6 2 3 11 5 7 8 9 4 0 10
26 16 10 1 6 2 3 11 5 7 8 9 4 10 0
28 16 12 1 6 2 3 0 5 7 8 9 4 11 10
27 17 10 1 6 2 3 5 0 7 8 9 4 11 10
28 18 10 1 6 2 3 5 10 7 8 9 4 11 0
29 17 12 1 6 2 3 11 0 7 8 9 4 10 5
30 12 18 2 8 6 0 3 4 1 7 9 11 5 10
30 14 16 2 8 6 3 0 5 1 7 9 11 4 10
29 15 14 2 8 6 3 5 0 1 7 9 11 4 10
30 14 16 2 8 6 0 5 4 1 7 9 3 11 10
30 14 16 2 8 6 3 5 4 1 7 0 9 11 10
30 14 16 1 8 6 3 4 10 2 7 9 11 0 5
30 16 14 1 8 6 3 5 0 2 7 9 11 10 4
30 16 14 1 8 6 3 4 5 2 7 9 0 11 10
30 12 18 1 6 0 3 4 2 7 8 9 11 5 10
29 13 16 1 6 3 0 4 2 7 8 9 11 5 10
28 14 14 1 6 3 4 0 2 7 8 9 11 5 10
27 15 12 1 6 3 4 5 2 7 8 9 11 0 10
26 16 10 1 6 3 4 5 2 7 8 9 11 10 0
27 15 12 1 6 3 4 2 0 7 8 9 11 5 10
28 16 12 1 6 3 4 5 2 7 8 9 0 11 10
28 16 12 1 6 3 4 2 10 7 8 9 11 5 0
29 17 12 1 6 3 4 5 0 7 8 9 11 10 2
30 12 18 1 8 6 3 4 2 7 9 11 0 5 10
30 12 18 1 8 6 3 4 5 10 7 9 0 11 2
30 12 18 4 8 3 2 5 10 1 7 6 9 0 11
30 12 18 1 8 3 2 5 10 4 7 6 9 0 11
30 14 16 1 8 3 2 5 4 10 7 6 9 0 11
30 12 18 1 3 0 2 5 10 7 8 6 9 11 4
29 13 16 1 3 6 2 5 10 7 8 0 9 11 4
28 14 14 1 3 6 2 5 10 7 8 9 0 11 4
29 13 16 1 3 2 0 5 10 7 8 6 9 11 4
29 15 14 1 3 6 2 5 10 7 8 9 11 0 4
28 16 12 1 3 6 2 5 10 7 8 9 11 4 0
29 17 12 1 3 6 2 5 0 7 8 9 11 4 10
30 14 16 1 3 0 2 5 4 7 8 6 9 11 10
29 15 14 1 3 6 2 5 4 7 8 0 9 11 10
28 16 12 1 3 6 2 5 4 7 8 9 0 11 10
29 15 14 1 3 2 0 5 4 7 8 6 9 11 10
29 17 12 1 3 6 2 5 4 7 8 9 11 0 10
28 18 10 1 3 6 2 5 4 7 8 9 11 10 0
29 17 12 1 3 6 2 5 4 7 8 9 11 0 10
30 10 20 10 8 6 3 2 4 1 7 9 5 0 11
29 11 18 10 8 6 3 2 4 1 7 9 5 11 0
30 16 14 1 6 2 9 4 5 7 8 3 0 11 10
30 10 20 1 8 3 11 2 10 7 9 6 0 4 5
29 11 18 1 8 3 11 2 10 7 9 6 4 0 5
28 12 16 1 8 3 11 2 10 7 9 6 4 5 0
29 11 18 1 8 3 11 2 10 7 9 6 4 0 5
29 13 16 1 8 3 11 2 0 7 9 6 4 5 10
30 14 16 1 8 3 2 10 4 7 9 6 11 0 5
29 15 14 1 8 3 2 10 4 7 9 6 11 5 0
30 14 16 1 8 3 2 0 4 7 9 6 11 5 10
30 14 16 1 8 3 2 0 4 7 9 6 11 5 10
30 14 16 1 8 3 2 0 5 7 9 6 11 10 4
29 15 14 1 8 3 2 5 0 7 9 6 11 10 4
30 14 16 1 8 3 2 0 5 7 9 6 11 10 4
30 14 16 1 8 3 2 10 5 7 9 6 0 11 4
30 14 16 1 8 3 2 4 10 7 0 9 6 11 5
30 14 16 1 8 3 2 4 10 7 0 9 6 11 5
30 12 18 4 1 6 3 5 10 7 8 9 11 0 2
30 12 18 10 1 6 3 5 4 7 8 9 11 0 2
30 10 20 1 8 3 11 5 10 7 9 6 0 2 4
29 11 18 1 8 3 11 5 10 7 9 6 2 0 4
28 12 16 1 8 3 11 5 10 7 9 6 2 4 0
29 13 16 1 8 3 11 5 0 7 9 6 2 4 10
30 10 20 1 8 3 5 0 10 7 9 6 11 2 4
29 11 18 1 8 3 5 2 10 7 9 6 11 0 4
28 12 16 1 8 3 5 2 10 7 9 6 11 4 0
29 11 18 1 8 3 5 10 0 7 9 6 11 2 4
28 12 16 1 8 3 5 10 4 7 9 6 11 2 0
29 13 16 1 8 3 5 2 0 7 9 6 11 4 10
30 12 18 1 8 3 11 5 4 7 9 6 0 2 10
29 13 16 1 8 3 11 5 4 7 9 6 2 0 10
28 14 14 1 8 3 11 5 4 7 9 6 2 10 0
29 13 16 1 8 3 11 5 4 7 9 6 2 0 10
30 12 18 1 8 3 5 0 4 7 9 6 11 2 10
29 13 16 1 8 3 5 2 4 7 9 6 11 0 10
28 14 14 1 8 3 5 2 4 7 9 6 11 10 0
29 13 16 1 8 3 5 2 4 7 9 6 11 0 10
29 13 16 1 8 3 5 4 0 7 9 6 11 2 10
30 14 16 4 1 6 2 5 10 7 8 9 3 0 11
30 14 16 10 1 6 2 5 4 7 8 9 3 0 11
30 12 18 1 8 2 5 0 10 7 9 6 3 11 4
29 13 16 1 8 2 5 10 0 7 9 6 3 11 4
28 14 14 1 8 2 5 10 4 7 9 6 3 11 0
30 14 16 1 8 2 3 5 10 7 0 9 6 11 4
30 16 14 1 8 6 2 4 5 7 9 3 0 11 10
30 14 16 1 8 2 5 0 4 7 9 6 3 11 10
29 15 14 1 8 2 5 4 0 7 9 6 3 11 10
30 16 14 1 8 2 3 5 4 7 0 9 6 11 10
30 16 14 1 8 6 2 4 10 7 9 3 11 5 0
30 18 12 1 8 2 4 11 5 7 9 3 0 6 10
30 14 16 1 6 9 3 5 10 7 8 11 4 2 0
30 14 16 1 8 6 3 4 10 7 9 11 2 5 0
30 18 12 1 6 2 3 4 5 7 8 9 0 11 10
30 18 12 1 6 2 3 4 10 7 8 9 11 5 0
30 14 16 1 8 3 11 5 10 7 9 6 4 2 0
30 12 18 8 6 3 11 5 10 1 7 9 4 2 0
30 16 14 1 6 3 5 4 2 7 8 9 0 11 10
30 16 14 1 6 3 5 4 2 7 8 9 0 11 10
30 16 14 1 6 3 11 4 10 7 8 9 2 5 0
30 8 22 8 6 3 11 2 10 1 7 9 0 4 5
29 9 20 8 6 3 11 2 10 1 7 9 4 0 5
28 10 18 8 6 3 11 2 10 1 7 9 4 5 0
29 9 20 8 6 3 11 2 10 1 7 9 4 0 5
29 11 18 8 6 3 11 2 0 1 7 9 4 5 10
30 12 18 8 6 3 2 10 4 1 7 9 11 0 5
29 13 16 8 6 3 2 10 4 1 7 9 11 5 0
30 12 18 8 6 3 2 10 4 1 7 9 11 0 5
30 12 18 8 6 3 2 0 4 1 7 9 11 5 10
30 12 18 8 6 3 2 0 4 1 7 9 11 5 10
30 12 18 8 6 3 2 0 5 1 7 9 11 10 4
29 13 16 8 6 3 2 5 0 1 7 9 11 10 4
30 12 18 8 6 3 2 0 5 1 7 9 11 10 4
30 12 18 8 6 3 2 10 5 1 7 9 0 11 4
30 8 22 8 6 3 11 5 10 1 7 9 0 2 4
29 9 20 8 6 3 11 5 10 1 7 9 2 0 4
28 10 18 8 6 3 11 5 10 1 7 9 2 4 0
29 11 18 8 6 3 11 5 0 1 7 9 2 4 10
30 8 22 8 6 3 5 0 10 1 7 9 11 2 4
29 9 20 8 6 3 5 2 10 1 7 9 11 0 4
28 10 18 8 6 3 5 2 10 1 7 9 11 4 0
29 9 20 8 6 3 5 10 0 1 7 9 11 2 4
28 10 18 8 6 3 5 10 4 1 7 9 11 2 0
29 11 18 8 6 3 5 2 0 1 7 9 11 4 10
30 10 20 8 6 3 11 5 4 1 7 9 0 2 10
29 11 18 8 6 3 11 5 4 1 7 9 2 0 10
28 12 16 8 6 3 11 5 4 1 7 9 2 10 0
29 11 18 8 6 3 11 5 4 1 7 9 2 0 10
30 10 20 8 6 3 5 0 4 1 7 9 11 2 10
29 11 18 8 6 3 5 2 4 1 7 9 11 0 10
28 12 16 8 6 3 5 2 4 1 7 9 11 10 0
29 11 18 8 6 3 5 2 4 1 7 9 11 0 10
29 11 18 8 6 3 5 4 0 1 7 9 11 2 10
30 10 20 8 6 2 5 0 10 1 7 9 3 11 4
29 11 18 8 6 2 5 10 0 1 7 9 3 11 4
28 12 16 8 6 2 5 10 4 1 7 9 3 11 0
30 12 18 7 8 6 2 5 10 1 9 3 11 0 4
29 13 16 7 8 6 2 5 10 1 9 3 11 4 0
30 14 16 1 8 3 6 5 10 7 0 9 2 11 4
30 12 18 8 6 2 5 0 4 1 7 9 3 11 10
29 13 16 8 6 2 5 4 0 1 7 9 3 11 10
30 14 16 7 8 6 2 5 4 1 9 3 11 0 10
29 15 14 7 8 6 2 5 4 1 9 3 11 10 0
30 16 14 1 8 3 6 5 4 7 0 9 2 11 10
30 16 14 1 8 6 5 4 10 7 9 3 2 11 0
30 8 22 10 7 8 6 2 5 1 9 3 11 0 4
29 9 20 10 7 8 6 2 5 1 9 3 11 4 0
30 12 18 1 10 8 2 11 5 7 9 3 6 0 4
29 13 16 1 10 8 2 11 5 7 9 3 6 4 0
30 14 16 1 10 8 2 5 4 7 9 3 6 0 11
30 14 16 1 8 9 2 11 5 7 10 3 6 0 4
29 15 14 1 8 9 2 11 5 7 10 3 6 4 0
30 16 14 1 8 9 2 5 4 7 10 3 6 0 11
30 10 20 10 8 9 6 4 2 1 7 3 11 0 5
29 11 18 10 8 9 6 4 2 1 7 3 11 5 0
30 16 14 1 6 3 4 11 5 8 7 9 2 0 10
29 17 12 1 6 3 4 11 5 8 7 9 2 10 0
30 8 22 10 6 7 3 2 5 1 8 9 11 0 4
29 9 20 10 6 7 3 2 5 1 8 9 11 4 0
30 16 14 7 6 3 4 11 5 1 8 9 2 0 10
29 17 12 7 6 3 4 11 5 1 8 9 2 10 0
30 20 10 1 3 2 4 11 5 7 8 9 0 6 10
30 18 12 1 6 2 5 4 11 7 8 9 3 10 0
30 12 18 1 10 6 3 2 5 7 9 8 11 0 4
29 13 16 1 10 6 3 2 5 7 9 8 11 4 0
30 12 18 1 10 6 2 11 5 7 9 8 3 0 4
29 13 16 1 10 6 2 11 5 7 9 8 3 4 0
30 14 16 1 10 6 2 5 4 7 9 8 3 0 11
30 12 18 1 10 6 2 11 5 8 7 9 3 0 4
29 13 16 1 10 6 2 11 5 8 7 9 3 4 0
30 14 16 1 10 6 2 5 4 8 7 9 3 0 11
30 14 16 1 6 2 11 0 5 7 8 9 3 4 10
29 15 14 1 6 2 11 4 5 7 8 9 3 0 10
28 16 12 1 6 2 11 4 5 7 8 9 3 10 0
29 15 14 1 6 2 11 5 0 7 8 9 3 4 10
30 16 14 2 8 6 3 5 10 1 7 9 11 4 0
30 14 16 1 6 3 11 4 2 7 8 9 0 5 10
30 18 12 1 6 3 4 2 5 7 8 9 11 0 10
29 19 10 1 6 3 4 2 5 7 8 9 11 10 0
30 14 16 1 3 2 9 5 10 7 8 6 0 11 4
30 14 16 1 3 2 5 0 10 7 8 6 9 11 4
29 15 14 1 3 2 5 10 0 7 8 6 9 11 4
28 16 12 1 3 2 5 10 4 7 8 6 9 11 0
30 16 14 1 3 2 9 5 4 7 8 6 0 11 10
30 16 14 1 3 2 5 0 4 7 8 6 9 11 10
29 17 12 1 3 2 5 4 0 7 8 6 9 11 10
30 12 18 1 8 3 5 2 10 7 9 6 0 11 4
30 14 16 1 8 3 5 2 4 7 9 6 0 11 10
30 14 16 1 8 3 5 2 4 7 9 6 0 11 10
30 14 16 1 8 3 5 4 10 7 9 6 11 2 0
30 16 14 1 8 2 5 4 10 7 9 6 3 11 0
30 10 20 8 6 3 5 2 10 1 7 9 0 11 4
30 12 18 8 6 3 5 2 4 1 7 9 0 11 10
30 12 18 8 6 3 5 2 4 1 7 9 0 11 10
30 12 18 8 6 3 5 4 10 1 7 9 11 2 0
30 14 16 7 8 6 2 5 0 1 9 3 11 4 10
30 14 16 8 6 2 5 4 10 1 7 9 3 11 0
30 16 14 1 6 2 11 5 10 7 8 9 3 4 0
30 18 12 1 3 2 5 4 10 7 8 6 9 11 0
31 3 28 10 8 6 3 2 5 0 7 9 11 4 1
30 4 26 10 8 6 3 2 5 7 0 9 11 4 1
31 9 22 0 8 6 3 2 4 1 7 9 11 5 10
29 11 18 4 8 6 3 2 0 1 7 9 11 5 10
30 10 20 1 8 6 3 2 4 0 7 9 11 5 10
29 11 18 1 8 6 3 2 4 7 0 9 11 5 10
30 10 20 1 8 6 3 2 4 0 7 9 11 5 10
30 12 18 4 8 6 3 2 10 1 7 9 11 5 0
30 12 18 1 0 6 3 2 4 7 8 9 11 5 10
30 12 18 1 8 6 3 2 4 7 9 0 11 5 10
31 9 22 0 8 6 3 5 2 1 7 9 11 4 10
25 11 14 2 8 6 3 5 0 1 7 9 11 4 10
26 12 14 2 8 6 3 5 10 1 7 9 11 4 0
28 12 16 2 8 6 3 0 5 1 7 9 11 4 10
29 13 16 2 8 6 3 5 10 1 7 9 11 0 4
29 13 16 2 8 6 3 5 10 1 7 9 11 0 4
30 10 20 1 8 6 3 5 2 0 7 9 11 4 10
27 13 14 1 8 6 3 5 0 2 7 9 11 4 10
28 14 14 1 8 6 3 5 10 2 7 9 11 4 0
29 11 18 1 8 6 3 5 2 7 0 9 11 4 10
30 10 20 1 8 6 3 5 2 0 7 9 11 4 10
30 14 16 2 8 6 3 5 10 1 7 9 0 11 4
30 14 16 2 8 6 3 5 10 1 7 9 0 11 4
30 14 16 1 8 6 3 0 5 2 7 9 11 4 10
30 14 16 1 8 6 3 0 5 2 7 9 11 4 10
30 12 18 1 0 6 3 5 2 7 8 9 11 4 10
30 12 18 1 8 6 3 5 2 7 9 0 11 4 10
31 7 24 0 8 6 3 5 10 1 7 9 11 4 2
24 10 14 2 8 6 3 5 10 1 7 9 11 4 0
27 11 16 2 8 6 3 5 10 1 7 9 11 0 4
27 11 16 2 8 6 3 5 10 1 7 9 11 0 4
28 12 16 2 8 6 3 5 10 1 7 9 0 11 4
28 12 16 2 8 6 3 5 10 1 7 9 0 11 4
30 8 22 1 8 6 3 5 10 0 7 9 11 4 2
24 10 14 1 8 6 3 5 10 2 7 9 11 4 0
25 11 14 1 8 6 3 5 0 2 7 9 11 4 10
27 11 16 1 8 6 3 5 10 2 7 9 11 0 4
27 11 16 1 8 6 3 5 10 2 7 9 11 0 4
28 12 16 1 8 6 3 0 5 2 7 9 11 4 10
27 13 14 1 8 6 3 4 5 2 7 9 11 0 10
26 14 12 1 8 6 3 4 5 2 7 9 11 10 0
28 12 16 1 8 6 3 5 10 2 7 9 0 11 4
28 12 16 1 8 6 3 5 10 2 7 9 0 11 4
28 14 14 1 8 6 3 4 5 2 7 9 0 11 10
29 9 20 1 8 6 3 5 10 7 0 9 11 4 2
29 15 14 1 8 6 3 4 0 2 7 9 11 10 5
29 15 14 1 8 6 3 4 0 2 7 9 11 10 5
30 8 22 1 8 6 3 5 10 0 7 9 11 4 2
30 12 18 2 8 6 3 0 10 1 7 9 11 5 4
29 13 16 2 8 6 3 10 0 1 7 9 11 5 4
28 14 14 2 8 6 3 10 4 1 7 9 11 5 0
30 12 18 2 8 6 3 0 10 1 7 9 11 5 4
30 12 18 2 8 6 3 0 10 1 7 9 11 5 4
30 12 18 1 8 6 3 0 10 2 7 9 11 5 4
29 13 16 1 8 6 3 10 0 2 7 9 11 5 4
28 14 14 1 8 6 3 10 4 2 7 9 11 5 0
30 12 18 1 8 6 3 0 10 2 7 9 11 5 4
30 12 18 1 8 6 3 0 10 2 7 9 11 5 4
30 10 20 1 0 6 3 5 10 7 8 9 11 4 2
30 10 20 1 8 6 3 5 10 7 9 0 11 4 2
31 9 22 0 8 6 3 4 5 1 7 9 11 2 10
30 10 20 1 8 6 3 4 5 0 7 9 11 2 10
29 11 18 1 8 6 3 4 5 7 0 9 11 2 10
30 10 20 1 8 6 3 4 5 0 7 9 11 2 10
30 12 18 1 0 6 3 4 5 7 8 9 11 2 10
30 12 18 1 8 6 3 4 5 7 9 0 11 2 10
31 7 24 0 8 6 3 5 10 1 7 9 11 4 2
31 13 18 1 8 6 3 0 5 7 9 11 4 10 2
30 14 16 1 8 6 3 5 0 7 9 11 4 10 2
30 14 16 1 8 6 3 5 0 7 9 11 4 10 2
31 15 16 1 6 3 11 0 5 7 8 9 4 10 2
30 16 14 1 6 3 11 5 0 7 8 9 4 10 2
30 16 14 1 6 3 11 5 0 7 8 9 4 10 2
31 11 20 1 8 6 3 5 4 0 7 9 11 2 10
31 7 24 10 8 6 0 3 4 1 7 9 11 2 5
31 13 18 4 8 6 2 5 11 1 7 9 3 0 10
30 14 16 4 8 6 2 5 11 1 7 9 3 10 0
31 13 18 1 8 6 2 5 11 10 7 9 3 0 4
30 14 16 1 8 6 2 5 11 10 7 9 3 4 0
31 13 18 1 8 6 2 5 11 4 7 9 3 0 10
30 14 16 1 8 6 2 5 11 4 7 9 3 10 0
31 13 18 1 8 6 2 5 4 0 7 9 3 11 10
31 9 22 10 8 6 0 2 5 1 7 9 3 4 11
30 10 20 10 8 6 3 2 5 1 7 9 0 4 11
29 11 18 10 8 6 3 2 5 1 7 9 4 0 11
28 12 16 10 8 6 3 2 5 1 7 9 4 11 0
31 7 24 10 8 6 0 3 4 1 7 9 11 2 5
31 7 24 10 8 6 0 3 2 1 7 9 11 5 4
31 7 24 10 8 6 0 3 2 1 7 9 11 5 4
31 7 24 10 8 0 3 5 4 1 7 6 9 11 2
30 8 22 10 8 3 0 5 4 1 7 6 9 11 2
31 7 24 10 8 6 3 5 4 1 0 7 9 11 2
31 11 20 10 8 6 4 2 11 1 7 9 3 0 5
30 12 18 10 8 6 4 2 11 1 7 9 3 5 0
31 7 24 10 8 0 3 4 2 1 7 6 9 11 5
30 8 22 10 8 3 0 4 2 1 7 6 9 11 5
29 9 20 10 8 3 4 0 2 1 7 6 9 11 5
28 10 18 10 8 3 4 2 0 1 7 6 9 11 5
27 11 16 10 8 3 4 2 5 1 7 6 9 11 0
30 10 20 10 8 3 4 11 2 1 7 6 9 0 5
29 11 18 10 8 3 4 11 2 1 7 6 9 5 0
30 12 18 10 8 3 4 2 5 1 7 6 9 0 11
31 7 24 10 8 6 3 4 2 1 0 7 9 11 5
31 9 22 0 1 6 3 2 5 8 7 9 11 4 10
30 12 18 10 1 6 3 2 5 8 7 9 11 4 0
31 9 22 1 8 6 3 0 2 5 7 9 11 4 10
30 10 20 1 8 6 3 4 2 5 7 9 11 0 10
29 11 18 1 8 6 3 4 2 5 7 9 11 10 0
31 11 20 1 8 6 3 2 4 5 7 9 11 0 10
30 12 18 1 8 6 3 2 4 5 7 9 11 10 0
31 11 20 8 1 6 3 2 5 7 0 9 11 4 10
31 9 22 1 0 8 3 2 5 7 9 6 11 4 10
31 7 24 10 8 0 9 2 5 1 7 3 6 11 4
31 11 20 10 8 9 2 5 11 1 7 3 6 0 4
30 12 18 10 8 9 2 5 11 1 7 3 6 4 0
31 15 16 1 6 3 0 2 4 7 8 9 11 10 5
31 11 20 1 8 6 0 3 5 7 9 11 4 2 10
30 12 18 1 8 6 4 3 5 7 9 11 0 2 10
29 13 16 1 8 6 4 3 5 7 9 11 2 0 10
28 14 14 1 8 6 4 3 5 7 9 11 2 10 0
31 9 22 10 8 9 6 0 2 1 7 3 11 4 5
31 11 20 10 8 9 6 2 4 1 7 3 11 0 5
30 12 18 10 8 9 6 2 4 1 7 3 11 5 0
31 9 22 10 8 3 2 0 11 1 7 6 9 4 5
30 10 20 10 8 3 2 4 11 1 7 6 9 0 5
30 10 20 10 8 3 2 4 11 1 7 6 9 0 5
31 11 20 10 8 3 2 11 4 1 7 6 9 0 5
30 12 18 10 8 3 2 11 4 1 7 6 9 5 0
31 7 24 8 7 6 3 2 5 0 1 9 11 4 10
29 9 20 8 7 6 3 2 5 10 1 9 11 4 0
31 9 22 0 7 6 3 2 5 1 8 9 11 4 10
30 12 18 10 7 6 3 2 5 1 8 9 11 4 0
31 9 22 7 8 0 3 2 5 1 9 6 11 4 10
30 10 20 7 8 3 0 2 5 1 9 6 11 4 10
29 11 18 7 8 3 2 0 5 1 9 6 11 4 10
28 12 16 7 8 3 2 4 5 1 9 6 11 0 10
27 13 14 7 8 3 2 4 5 1 9 6 11 10 0
28 12 16 7 8 3 2 5 0 1 9 6 11 4 10
29 13 16 7 8 3 2 4 5 1 9 6 0 11 10
29 13 16 7 8 3 2 5 10 1 9 6 11 4 0
30 14 16 7 8 3 2 4 0 1 9 6 11 10 5
30 14 16 7 8 3 2 4 5 1 9 0 6 11 10
31 7 24 10 8 6 11 0 3 1 7 9 2 4 5
30 8 22 10 8 6 11 4 3 1 7 9 2 0 5
29 9 20 10 8 6 11 4 3 1 7 9 2 5 0
31 9 22 10 8 6 11 3 4 1 7 9 2 0 5
30 10 20 10 8 6 11 3 4 1 7 9 2 5 0
31 5 26 10 8 9 6 3 5 1 0 7 11 2 4
31 11 20 1 6 9 0 2 5 7 8 11 3 4 10
30 12 18 1 6 9 2 0 5 7 8 11 3 4 10
29 13 16 1 6 9 2 4 5 7 8 11 3 0 10
28 14 14 1 6 9 2 4 5 7 8 11 3 10 0
29 13 16 1 6 9 2 5 0 7 8 11 3 4 10
30 14 16 1 6 9 2 5 10 7 8 11 3 4 0
31 15 16 1 6 3 0 5 10 7 8 9 2 11 4
31 15 16 1 6 3 2 5 10 7 8 0 9 11 4
31 7 24 10 8 0 9 2 5 1 7 3 6 11 4
31 7 24 10 8 3 9 2 5 1 0 7 6 11 4
31 7 24 10 8 3 9 0 5 1 7 6 11 2 4
30 8 22 10 8 3 9 5 0 1 7 6 11 2 4
29 9 20 10 8 3 9 5 4 1 7 6 11 2 0
31 9 22 1 8 6 3 0 2 5 7 9 11 4 10
31 11 20 1 8 6 3 2 4 5 7 9 11 0 10
31 9 22 1 8 6 0 2 10 7 9 11 3 4 5
30 10 20 1 8 6 2 0 10 7 9 11 3 4 5
29 11 18 1 8 6 2 4 10 7 9 11 3 0 5
28 12 16 1 8 6 2 4 10 7 9 11 3 5 0
29 11 18 1 8 6 2 4 10 7 9 11 3 0 5
29 11 18 1 8 6 2 10 0 7 9 11 3 4 5
28 12 16 1 8 6 2 10 5 7 9 11 3 4 0
29 13 16 1 8 6 2 4 0 7 9 11 3 5 10
30 10 20 1 8 6 2 0 10 7 9 11 3 4 5
31 9 22 1 8 6 3 0 2 5 7 9 11 4 10
31 11 20 1 8 6 3 2 4 5 7 9 11 0 10
31 9 22 4 8 6 3 0 10 1 7 9 11 5 2
30 10 20 4 8 6 3 10 0 1 7 9 11 5 2
29 11 18 4 8 6 3 10 2 1 7 9 11 5 0
31 9 22 1 8 6 3 0 10 4 7 9 11 5 2
30 10 20 1 8 6 3 10 0 4 7 9 11 5 2
