0 0 0 2 6 0 8 10 12 9 7 5 3 4 1 13 11
31 1 30 2 6 3 8 10 12 9 7 5 0 4 1 13 11
30 2 28 2 6 3 8 10 12 9 7 5 4 0 1 13 11
29 3 26 2 6 3 8 10 12 9 7 5 4 1 0 13 11
30 4 26 2 6 3 8 0 12 9 7 5 4 1 10 13 11
30 4 26 2 6 3 8 10 12 9 7 5 4 1 13 0 11
29 5 24 2 6 3 8 10 12 9 7 5 4 1 13 11 0
31 3 28 2 6 3 0 10 12 9 7 5 4 8 1 13 11
31 5 26 2 6 3 8 12 0 9 7 5 4 1 10 13 11
30 6 24 2 6 3 8 12 13 9 7 5 4 1 10 0 11
29 7 22 2 6 3 8 12 13 9 7 5 4 1 10 11 0
30 6 24 2 6 3 8 12 9 0 7 5 4 1 10 13 11
29 7 22 2 6 3 8 12 9 11 7 5 4 1 10 13 0
30 8 22 2 6 3 8 12 9 11 7 5 4 1 10 0 13
31 5 26 2 6 3 8 10 0 9 7 5 4 1 13 12 11
30 6 24 2 6 3 8 10 9 0 7 5 4 1 13 12 11
29 7 22 2 6 3 8 10 9 11 7 5 4 1 13 12 0
31 9 22 2 6 3 8 12 9 13 7 5 4 1 10 0 11
30 10 20 2 6 3 8 12 9 13 7 5 4 1 10 11 0
32 2 30 2 6 3 8 10 12 9 7 0 5 4 1 13 11
32 6 26 2 6 3 8 10 12 0 7 5 4 1 13 11 9
32 4 28 2 6 3 10 0 12 9 7 5 4 8 1 13 11
31 5 26 2 6 3 10 1 12 9 7 5 4 8 0 13 11
32 8 24 2 6 3 8 12 13 0 7 5 4 1 10 11 9
32 8 24 2 6 3 8 10 9 11 7 5 4 1 13 0 12
32 6 26 2 6 3 10 1 12 9 7 5 4 8 13 0 11
31 7 24 2 6 3 10 1 12 9 7 5 4 8 13 11 0
33 1 32 2 0 6 8 10 12 9 7 5 3 4 1 13 11
32 2 30 2 5 6 8 10 12 9 7 0 3 4 1 13 11
31 3 28 2 5 6 8 10 12 9 7 3 0 4 1 13 11
30 4 26 2 5 6 8 10 12 9 7 3 4 0 1 13 11
29 5 24 2 5 6 8 10 12 9 7 3 4 1 0 13 11
30 6 24 2 5 6 8 0 12 9 7 3 4 1 10 13 11
30 6 24 2 5 6 8 10 12 9 7 3 4 1 13 0 11
29 7 22 2 5 6 8 10 12 9 7 3 4 1 13 11 0
31 5 26 2 5 6 0 10 12 9 7 3 4 8 1 13 11
31 7 24 2 5 6 8 12 0 9 7 3 4 1 10 13 11
30 8 22 2 5 6 8 12 13 9 7 3 4 1 10 0 11
29 9 20 2 5 6 8 12 13 9 7 3 4 1 10 11 0
30 8 22 2 5 6 8 12 9 0 7 3 4 1 10 13 11
29 9 20 2 5 6 8 12 9 11 7 3 4 1 10 13 0
30 10 20 2 5 6 8 12 9 11 7 3 4 1 10 0 13
31 7 24 2 5 6 8 10 0 9 7 3 4 1 13 12 11
30 8 22 2 5 6 8 10 9 0 7 3 4 1 13 12 11
29 9 20 2 5 6 8 10 9 11 7 3 4 1 13 12 0
31 11 20 2 5 6 8 12 9 13 7 3 4 1 10 0 11
30 12 18 2 5 6 8 12 9 13 7 3 4 1 10 11 0
32 4 28 2 5 0 8 10 12 9 7 3 6 4 1 13 11
32 8 24 2 5 6 8 10 12 0 7 3 4 1 13 11 9
32 6 26 2 5 6 10 0 12 9 7 3 4 8 1 13 11
31 7 24 2 5 6 10 1 12 9 7 3 4 8 0 13 11
32 10 22 2 5 6 8 12 13 0 7 3 4 1 10 11 9
32 10 22 2 5 6 8 10 9 11 7 3 4 1 13 0 12
32 8 24 2 5 6 10 1 12 9 7 3 4 8 13 0 11
31 9 22 2 5 6 10 1 12 9 7 3 4 8 13 11 0
33 1 32 2 6 8 0 10 12 9 7 5 3 4 1 13 11
33 5 28 2 6 3 0 8 12 9 7 5 4 1 10 13 11
32 6 26 2 6 3 1 8 12 9 7 5 4 0 10 13 11
33 7 26 2 6 3 8 12 13 9 7 5 4 1 0 10 11
33 9 24 2 6 3 8 12 0 11 7 5 4 1 10 9 13
32 10 22 2 6 3 8 12 11 0 7 5 4 1 10 9 13
31 11 20 2 6 3 8 12 11 13 7 5 4 1 10 9 0
33 9 24 2 6 3 8 12 9 11 7 5 4 1 0 10 13
33 11 22 2 6 3 8 12 9 0 7 5 4 1 10 11 13
33 3 30 2 0 3 8 10 12 9 7 6 5 4 1 13 11
32 4 28 2 3 0 8 10 12 9 7 6 5 4 1 13 11
31 5 26 2 3 5 8 10 12 9 7 6 0 4 1 13 11
30 6 24 2 3 5 8 10 12 9 7 6 4 0 1 13 11
29 7 22 2 3 5 8 10 12 9 7 6 4 1 0 13 11
30 8 22 2 3 5 8 0 12 9 7 6 4 1 10 13 11
30 8 22 2 3 5 8 10 12 9 7 6 4 1 13 0 11
29 9 20 2 3 5 8 10 12 9 7 6 4 1 13 11 0
31 7 24 2 3 5 0 10 12 9 7 6 4 8 1 13 11
31 9 22 2 3 5 8 12 0 9 7 6 4 1 10 13 11
30 10 20 2 3 5 8 12 13 9 7 6 4 1 10 0 11
29 11 18 2 3 5 8 12 13 9 7 6 4 1 10 11 0
30 10 20 2 3 5 8 12 9 0 7 6 4 1 10 13 11
29 11 18 2 3 5 8 12 9 11 7 6 4 1 10 13 0
30 12 18 2 3 5 8 12 9 11 7 6 4 1 10 0 13
31 9 22 2 3 5 8 10 0 9 7 6 4 1 13 12 11
30 10 20 2 3 5 8 10 9 0 7 6 4 1 13 12 11
29 11 18 2 3 5 8 10 9 11 7 6 4 1 13 12 0
31 13 18 2 3 5 8 12 9 13 7 6 4 1 10 0 11
30 14 16 2 3 5 8 12 9 13 7 6 4 1 10 11 0
32 6 26 2 3 5 8 10 12 9 7 0 6 4 1 13 11
32 10 22 2 3 5 8 10 12 0 7 6 4 1 13 11 9
32 8 24 2 3 5 10 0 12 9 7 6 4 8 1 13 11
31 9 22 2 3 5 10 1 12 9 7 6 4 8 0 13 11
32 12 20 2 3 5 8 12 13 0 7 6 4 1 10 11 9
32 12 20 2 3 5 8 10 9 11 7 6 4 1 13 0 12
32 10 22 2 3 5 10 1 12 9 7 6 4 8 13 0 11
31 11 20 2 3 5 10 1 12 9 7 6 4 8 13 11 0
33 3 30 2 6 3 8 10 12 9 0 7 5 4 1 13 11
33 5 28 2 6 3 10 12 0 9 7 5 4 8 1 13 11
32 6 26 2 6 3 10 12 13 9 7 5 4 8 1 0 11
31 7 24 2 6 3 10 12 13 9 7 5 4 8 1 11 0
32 6 26 2 6 3 10 12 9 0 7 5 4 8 1 13 11
31 7 24 2 6 3 10 12 9 11 7 5 4 8 1 13 0
32 8 24 2 6 3 10 12 9 11 7 5 4 8 1 0 13
33 9 24 2 6 3 8 12 0 13 7 5 4 1 10 11 9
32 10 22 2 6 3 8 12 11 13 7 5 4 1 10 0 9
32 10 22 2 6 3 8 12 11 13 7 5 4 1 10 0 9
33 9 24 2 6 3 8 12 0 13 7 5 4 1 10 11 9
33 9 24 2 6 3 8 10 9 11 7 5 4 1 0 13 12
33 7 26 2 6 3 10 1 0 9 7 5 4 8 13 12 11
32 8 24 2 6 3 10 1 9 0 7 5 4 8 13 12 11
31 9 22 2 6 3 10 1 9 11 7 5 4 8 13 12 0
33 3 30 2 5 6 8 10 12 9 0 7 3 4 1 13 11
33 7 26 2 5 6 0 8 12 9 7 3 4 1 10 13 11
32 8 24 2 5 6 1 8 12 9 7 3 4 0 10 13 11
33 9 24 2 5 6 8 12 13 9 7 3 4 1 0 10 11
33 11 22 2 5 6 8 12 0 11 7 3 4 1 10 9 13
32 12 20 2 5 6 8 12 11 0 7 3 4 1 10 9 13
31 13 18 2 5 6 8 12 11 13 7 3 4 1 10 9 0
33 11 22 2 5 6 8 12 9 11 7 3 4 1 0 10 13
33 13 20 2 5 6 8 12 9 0 7 3 4 1 10 11 13
33 5 28 2 0 5 8 10 12 9 7 3 6 4 1 13 11
33 5 28 2 5 8 0 10 12 9 7 3 6 4 1 13 11
33 7 26 2 5 6 10 12 0 9 7 3 4 8 1 13 11
32 8 24 2 5 6 10 12 13 9 7 3 4 8 1 0 11
31 9 22 2 5 6 10 12 13 9 7 3 4 8 1 11 0
32 8 24 2 5 6 10 12 9 0 7 3 4 8 1 13 11
31 9 22 2 5 6 10 12 9 11 7 3 4 8 1 13 0
32 10 22 2 5 6 10 12 9 11 7 3 4 8 1 0 13
33 11 22 2 5 6 8 12 0 13 7 3 4 1 10 11 9
32 12 20 2 5 6 8 12 11 13 7 3 4 1 10 0 9
32 12 20 2 5 6 8 12 11 13 7 3 4 1 10 0 9
33 11 22 2 5 6 8 12 0 13 7 3 4 1 10 11 9
33 11 22 2 5 6 8 10 9 11 7 3 4 1 0 13 12
33 9 24 2 5 6 10 1 0 9 7 3 4 8 13 12 11
32 10 22 2 5 6 10 1 9 0 7 3 4 8 13 12 11
31 11 20 2 5 6 10 1 9 11 7 3 4 8 13 12 0
33 7 26 2 6 3 1 8 12 9 7 5 4 10 0 13 11
33 5 28 2 3 8 0 10 12 9 7 6 5 4 1 13 11
33 9 24 2 3 5 0 8 12 9 7 6 4 1 10 13 11
32 10 22 2 3 5 1 8 12 9 7 6 4 0 10 13 11
33 11 22 2 3 5 8 12 13 9 7 6 4 1 0 10 11
33 13 20 2 3 5 8 12 0 11 7 6 4 1 10 9 13
32 14 18 2 3 5 8 12 11 0 7 6 4 1 10 9 13
31 15 16 2 3 5 8 12 11 13 7 6 4 1 10 9 0
33 13 20 2 3 5 8 12 9 11 7 6 4 1 0 10 13
33 15 18 2 3 5 8 12 9 0 7 6 4 1 10 11 13
33 7 26 2 3 5 8 10 12 9 0 7 6 4 1 13 11
33 9 24 2 3 5 10 12 0 9 7 6 4 8 1 13 11
32 10 22 2 3 5 10 12 13 9 7 6 4 8 1 0 11
31 11 20 2 3 5 10 12 13 9 7 6 4 8 1 11 0
32 10 22 2 3 5 10 12 9 0 7 6 4 8 1 13 11
31 11 20 2 3 5 10 12 9 11 7 6 4 8 1 13 0
32 12 20 2 3 5 10 12 9 11 7 6 4 8 1 0 13
33 13 20 2 3 5 8 12 0 13 7 6 4 1 10 11 9
32 14 18 2 3 5 8 12 11 13 7 6 4 1 10 0 9
32 14 18 2 3 5 8 12 11 13 7 6 4 1 10 0 9
33 13 20 2 3 5 8 12 0 13 7 6 4 1 10 11 9
33 13 20 2 3 5 8 10 9 11 7 6 4 1 0 13 12
33 11 22 2 3 5 10 1 0 9 7 6 4 8 13 12 11
32 12 20 2 3 5 10 1 9 0 7 6 4 8 13 12 11
31 13 18 2 3 5 10 1 9 11 7 6 4 8 13 12 0
33 5 28 2 6 3 8 10 12 9 11 7 5 4 1 13 0
33 9 24 2 6 3 10 12 9 13 7 5 4 8 1 0 11
32 10 22 2 6 3 10 12 9 13 7 5 4 8 1 11 0
33 5 28 2 5 6 8 10 12 9 11 7 3 4 1 13 0
33 9 24 2 5 6 1 8 12 9 7 3 4 10 0 13 11
33 11 22 2 5 6 10 12 9 13 7 3 4 8 1 0 11
32 12 20 2 5 6 10 12 9 13 7 3 4 8 1 11 0
33 11 22 2 3 5 1 8 12 9 7 6 4 10 0 13 11
33 9 24 2 3 5 8 10 12 9 11 7 6 4 1 13 0
33 13 20 2 3 5 10 12 9 13 7 6 4 8 1 0 11
32 14 18 2 3 5 10 12 9 13 7 6 4 8 1 11 0
34 8 26 2 6 3 8 10 0 9 7 5 4 1 13 11 12
33 9 24 2 6 3 8 10 11 9 7 5 4 1 13 0 12
32 10 22 2 6 3 8 10 11 9 7 5 4 1 13 12 0
33 9 24 2 6 3 8 10 9 0 7 5 4 1 13 11 12
34 4 30 2 6 0 3 10 12 9 7 5 4 8 1 13 11
34 10 24 2 6 3 8 12 0 9 7 5 4 1 10 11 13
33 11 22 2 6 3 8 12 11 9 7 5 4 1 10 0 13
33 11 22 2 6 3 8 12 11 9 7 5 4 1 10 0 13
34 6 28 2 6 3 8 0 10 9 7 5 4 1 13 12 11
33 7 26 2 6 3 8 13 10 9 7 5 4 1 0 12 11
34 10 24 2 6 3 8 12 0 13 7 5 4 1 10 9 11
34 10 24 2 6 3 8 12 9 13 7 5 4 1 0 10 11
34 6 28 2 6 3 10 1 12 9 7 5 4 0 8 13 11
34 8 26 2 6 3 10 1 12 0 7 5 4 8 13 11 9
34 10 24 2 5 6 8 10 0 9 7 3 4 1 13 11 12
33 11 22 2 5 6 8 10 11 9 7 3 4 1 13 0 12
32 12 20 2 5 6 8 10 11 9 7 3 4 1 13 12 0
33 11 22 2 5 6 8 10 9 0 7 3 4 1 13 11 12
34 6 28 2 5 0 6 10 12 9 7 3 4 8 1 13 11
34 12 22 2 5 6 8 12 0 9 7 3 4 1 10 11 13
33 13 20 2 5 6 8 12 11 9 7 3 4 1 10 0 13
33 13 20 2 5 6 8 12 11 9 7 3 4 1 10 0 13
34 8 26 2 5 6 8 0 10 9 7 3 4 1 13 12 11
33 9 24 2 5 6 8 13 10 9 7 3 4 1 0 12 11
34 12 22 2 5 6 8 12 0 13 7 3 4 1 10 9 11
34 12 22 2 5 6 8 12 9 13 7 3 4 1 0 10 11
34 8 26 2 5 6 10 1 12 9 7 3 4 0 8 13 11
34 10 24 2 5 6 10 1 12 0 7 3 4 8 13 11 9
34 2 32 2 6 8 4 10 12 9 7 5 3 0 1 13 11
33 3 30 2 6 8 4 10 12 9 7 5 3 1 0 13 11
34 2 32 2 6 8 10 0 12 9 7 5 3 4 1 13 11
33 3 30 2 6 8 10 1 12 9 7 5 3 4 0 13 11
34 8 26 2 6 3 8 0 13 9 7 5 4 1 12 10 11
34 10 24 2 6 3 8 0 12 11 7 5 4 1 10 9 13
34 10 24 2 6 3 8 0 9 11 7 5 4 1 12 10 13
33 11 22 2 6 3 8 9 0 11 7 5 4 1 12 10 13
32 12 20 2 6 3 8 9 11 0 7 5 4 1 12 10 13
31 13 18 2 6 3 8 9 11 13 7 5 4 1 12 10 0
34 12 22 2 3 5 8 10 0 9 7 6 4 1 13 11 12
33 13 20 2 3 5 8 10 11 9 7 6 4 1 13 0 12
32 14 18 2 3 5 8 10 11 9 7 6 4 1 13 12 0
33 13 20 2 3 5 8 10 9 0 7 6 4 1 13 11 12
34 8 26 2 3 0 5 10 12 9 7 6 4 8 1 13 11
34 14 20 2 3 5 8 12 0 9 7 6 4 1 10 11 13
33 15 18 2 3 5 8 12 11 9 7 6 4 1 10 0 13
33 15 18 2 3 5 8 12 11 9 7 6 4 1 10 0 13
34 10 24 2 3 5 8 0 10 9 7 6 4 1 13 12 11
33 11 22 2 3 5 8 13 10 9 7 6 4 1 0 12 11
34 14 20 2 3 5 8 12 0 13 7 6 4 1 10 9 11
34 14 20 2 3 5 8 12 9 13 7 6 4 1 0 10 11
34 10 24 2 3 5 10 1 12 9 7 6 4 0 8 13 11
34 12 22 2 3 5 10 1 12 0 7 6 4 8 13 11 9
34 4 30 0 6 3 8 10 12 9 2 7 5 4 1 13 11
32 6 26 9 6 3 8 10 12 0 2 7 5 4 1 13 11
31 7 24 9 6 3 8 10 12 11 2 7 5 4 1 13 0
32 8 24 9 6 3 8 10 12 11 2 7 5 4 1 0 13
33 7 26 11 6 3 8 10 12 9 2 7 5 4 1 13 0
33 9 24 9 6 3 8 10 12 13 2 7 5 4 1 0 11
32 10 22 9 6 3 8 10 12 13 2 7 5 4 1 11 0
33 9 24 9 6 3 8 10 0 11 2 7 5 4 1 12 13
32 10 22 9 6 3 8 10 11 0 2 7 5 4 1 12 13
31 11 20 9 6 3 8 10 11 13 2 7 5 4 1 12 0
34 6 28 2 6 3 8 10 12 0 9 7 5 4 1 13 11
33 7 26 2 6 3 8 10 12 11 9 7 5 4 1 13 0
34 8 26 2 6 3 10 12 13 0 7 5 4 8 1 11 9
34 10 24 2 6 3 8 0 12 13 7 5 4 1 10 11 9
34 10 24 2 6 3 8 0 12 13 7 5 4 1 10 11 9
34 10 24 2 6 3 8 0 9 11 7 5 4 1 10 13 12
33 11 22 2 6 3 8 9 0 11 7 5 4 1 10 13 12
32 12 20 2 6 3 8 9 13 11 7 5 4 1 10 0 12
31 13 18 2 6 3 8 9 13 11 7 5 4 1 10 12 0
32 12 20 2 6 3 8 9 11 0 7 5 4 1 10 13 12
33 13 20 2 6 3 8 9 11 12 7 5 4 1 10 13 0
33 15 18 2 6 3 8 9 11 13 7 5 4 1 10 0 12
32 16 16 2 6 3 8 9 11 13 7 5 4 1 10 12 0
34 10 24 2 6 3 10 1 9 11 7 5 4 8 13 0 12
34 4 30 0 5 6 8 10 12 9 2 7 3 4 1 13 11
32 6 26 9 5 6 8 10 12 0 2 7 3 4 1 13 11
31 7 24 9 5 6 8 10 12 11 2 7 3 4 1 13 0
32 8 24 9 5 6 8 10 12 11 2 7 3 4 1 0 13
33 7 26 11 5 6 8 10 12 9 2 7 3 4 1 13 0
33 9 24 9 5 6 8 10 12 13 2 7 3 4 1 0 11
32 10 22 9 5 6 8 10 12 13 2 7 3 4 1 11 0
33 9 24 9 5 6 8 10 0 11 2 7 3 4 1 12 13
32 10 22 9 5 6 8 10 11 0 2 7 3 4 1 12 13
31 11 20 9 5 6 8 10 11 13 2 7 3 4 1 12 0
34 6 28 2 5 6 8 10 12 0 9 7 3 4 1 13 11
33 7 26 2 5 6 8 10 12 11 9 7 3 4 1 13 0
34 10 24 2 5 6 8 0 13 9 7 3 4 1 12 10 11
34 12 22 2 5 6 8 0 12 11 7 3 4 1 10 9 13
34 12 22 2 5 6 8 0 9 11 7 3 4 1 12 10 13
33 13 20 2 5 6 8 9 0 11 7 3 4 1 12 10 13
32 14 18 2 5 6 8 9 11 0 7 3 4 1 12 10 13
31 15 16 2 5 6 8 9 11 13 7 3 4 1 12 10 0
34 6 28 2 5 8 4 10 12 9 7 3 6 0 1 13 11
33 7 26 2 5 8 4 10 12 9 7 3 6 1 0 13 11
34 6 28 2 5 8 10 0 12 9 7 3 6 4 1 13 11
33 7 26 2 5 8 10 1 12 9 7 3 6 4 0 13 11
34 10 24 2 5 6 10 12 13 0 7 3 4 8 1 11 9
34 12 22 2 5 6 8 0 12 13 7 3 4 1 10 11 9
34 12 22 2 5 6 8 0 12 13 7 3 4 1 10 11 9
34 12 22 2 5 6 8 0 9 11 7 3 4 1 10 13 12
33 13 20 2 5 6 8 9 0 11 7 3 4 1 10 13 12
32 14 18 2 5 6 8 9 13 11 7 3 4 1 10 0 12
31 15 16 2 5 6 8 9 13 11 7 3 4 1 10 12 0
32 14 18 2 5 6 8 9 11 0 7 3 4 1 10 13 12
33 15 18 2 5 6 8 9 11 12 7 3 4 1 10 13 0
33 17 16 2 5 6 8 9 11 13 7 3 4 1 10 0 12
32 18 14 2 5 6 8 9 11 13 7 3 4 1 10 12 0
34 12 22 2 5 6 10 1 9 11 7 3 4 8 13 0 12
34 8 26 2 6 3 1 0 12 9 7 5 4 10 8 13 11
34 8 26 2 6 3 1 8 12 9 7 5 4 10 13 0 11
33 9 24 2 6 3 1 8 12 9 7 5 4 10 13 11 0
34 6 28 2 3 8 4 10 12 9 7 6 5 0 1 13 11
33 7 26 2 3 8 4 10 12 9 7 6 5 1 0 13 11
34 6 28 2 3 8 10 0 12 9 7 6 5 4 1 13 11
33 7 26 2 3 8 10 1 12 9 7 6 5 4 0 13 11
34 12 22 2 3 5 8 0 13 9 7 6 4 1 12 10 11
34 14 20 2 3 5 8 0 12 11 7 6 4 1 10 9 13
34 14 20 2 3 5 8 0 9 11 7 6 4 1 12 10 13
33 15 18 2 3 5 8 9 0 11 7 6 4 1 12 10 13
32 16 16 2 3 5 8 9 11 0 7 6 4 1 12 10 13
31 17 14 2 3 5 8 9 11 13 7 6 4 1 12 10 0
34 8 26 0 3 5 8 10 12 9 2 7 6 4 1 13 11
32 10 22 9 3 5 8 10 12 0 2 7 6 4 1 13 11
31 11 20 9 3 5 8 10 12 11 2 7 6 4 1 13 0
32 12 20 9 3 5 8 10 12 11 2 7 6 4 1 0 13
