0 0 0 1 6 0 3 2 5 7 4
0 6 0 1 6 3 0 2 5 7 4
0 8 0 1 6 7 3 2 5 0 4
0 10 0 1 0 6 3 2 5 7 4
0 10 0 1 6 3 4 2 5 7 0
0 14 0 1 6 3 7 2 5 0 4
0 14 0 1 6 3 2 0 5 7 4
0 16 0 1 6 7 3 2 5 4 0
0 16 0 1 6 3 4 2 5 0 7
0 18 0 0 6 3 1 2 5 7 4
0 18 0 1 6 7 3 2 0 5 4
0 18 0 1 6 3 4 0 5 7 2
0 18 0 1 6 0 4 2 5 7 3
0 20 0 1 5 6 3 2 0 7 4
0 20 0 1 6 3 7 2 5 4 0
0 20 0 1 6 3 2 5 0 7 4
0 22 0 0 1 6 3 2 5 7 4
0 22 0 0 6 3 4 2 5 7 1
0 22 0 1 6 3 7 2 0 5 4
0 22 0 1 6 3 2 4 5 7 0
0 22 0 1 0 3 2 6 5 7 4
0 24 0 1 6 0 7 2 5 3 4
0 24 0 0 6 3 2 1 5 7 4
0 24 0 1 6 0 4 2 5 3 7
0 24 0 1 6 3 4 2 0 5 7
0 24 0 1 6 3 4 5 0 7 2
0 26 0 1 6 7 0 2 5 4 3
0 26 0 1 6 0 3 2 5 4 7
0 26 0 1 0 3 4 6 5 7 2
0 26 0 1 6 7 4 2 5 0 3
0 26 0 1 6 4 0 2 5 7 3
0 26 0 1 0 3 2 5 6 7 4
0 26 0 1 6 3 2 5 7 0 4
0 28 0 1 6 7 3 0 5 4 2
0 28 0 2 6 3 1 0 5 7 4
0 28 0 5 6 3 1 2 0 7 4
0 28 0 4 6 3 1 2 5 7 0
0 28 0 1 0 7 3 2 6 5 4
0 28 0 1 6 7 3 0 2 5 4
0 28 0 0 6 3 4 1 5 7 2
0 28 0 1 6 3 0 4 5 7 2
0 28 0 1 0 6 4 2 5 7 3
0 28 0 1 6 3 0 2 5 4 7
0 30 0 6 0 3 1 2 5 7 4
0 30 0 1 5 6 3 0 2 7 4
0 30 0 1 5 6 3 2 7 0 4
0 30 0 1 6 0 7 2 5 4 3
0 30 0 1 0 3 7 2 6 5 4
0 30 0 1 5 3 2 6 0 7 4
0 30 0 1 3 0 2 6 5 7 4
0 30 0 2 6 3 0 1 5 7 4
0 30 0 1 0 3 4 5 6 7 2
0 30 0 1 6 3 4 5 7 0 2
0 32 0 0 6 7 3 2 5 4 1
0 32 0 1 6 3 7 0 5 4 2
0 32 0 2 1 6 3 0 5 7 4
0 32 0 3 1 6 0 2 5 7 4
0 32 0 5 1 6 3 2 0 7 4
0 32 0 4 1 6 3 2 5 7 0
0 32 0 2 6 3 4 0 5 7 1
0 32 0 5 6 3 4 2 0 7 1
0 32 0 1 6 3 7 0 2 5 4
0 32 0 1 6 3 0 4 5 7 2
0 32 0 1 6 3 2 4 5 0 7
0 32 0 0 1 3 2 6 5 7 4
0 32 0 1 6 7 0 2 5 3 4
0 32 0 5 6 3 2 1 0 7 4
0 32 0 4 6 3 2 1 5 7 0
0 32 0 1 6 4 0 2 5 3 7
0 32 0 1 0 3 4 2 6 5 7
0 32 0 1 6 3 4 0 2 5 7
0 32 0 1 6 7 4 2 5 3 0
0 32 0 1 6 4 3 2 5 7 0
0 32 0 1 3 0 2 5 6 7 4
0 32 0 1 6 3 2 5 7 4 0
0 32 0 2 6 3 4 1 5 7 0
0 34 0 0 6 3 7 2 5 4 1
0 34 0 6 0 3 4 2 5 7 1
0 34 0 4 6 3 0 2 5 7 1
0 34 0 1 6 0 2 4 5 7 3
0 34 0 1 0 6 7 2 5 3 4
0 34 0 6 0 3 2 1 5 7 4
0 34 0 1 0 6 4 2 5 3 7
0 34 0 1 6 7 4 2 5 0 3
0 34 0 1 6 4 3 2 5 0 7
0 34 0 1 6 3 0 2 5 4 7
0 34 0 1 5 3 4 6 0 7 2
0 34 0 1 3 0 4 6 5 7 2
0 34 0 0 1 3 2 5 6 7 4
0 34 0 1 6 0 2 5 7 3 4
0 34 0 2 6 3 0 1 5 7 4
0 34 0 2 6 3 4 1 5 7 0
0 34 0 1 6 3 4 5 7 2 0
0 36 0 1 6 0 7 2 5 4 3
0 36 0 1 0 6 3 2 5 4 7
0 36 0 0 1 3 4 6 5 7 2
0 36 0 1 6 7 4 2 0 5 3
0 36 0 1 6 4 7 2 5 0 3
0 36 0 1 6 4 2 0 5 7 3
0 36 0 2 6 3 1 5 0 7 4
0 36 0 1 6 7 3 4 2 5 0
0 36 0 5 6 3 4 1 0 7 2
0 36 0 1 3 0 7 2 6 5 4
0 36 0 1 3 2 0 6 5 7 4
0 36 0 1 3 0 4 5 6 7 2
0 36 0 2 6 3 4 1 5 7 0
0 36 0 1 3 2 0 5 6 7 4
0 38 0 0 6 3 2 4 5 7 1
0 38 0 1 6 7 2 0 5 4 3
0 38 0 1 6 7 3 5 0 4 2
0 38 0 2 6 3 1 4 5 7 0
0 38 0 2 0 3 1 6 5 7 4
0 38 0 5 0 3 1 2 6 7 4
0 38 0 5 6 3 1 0 2 7 4
0 38 0 5 6 3 1 2 7 0 4
0 38 0 1 7 0 3 2 6 5 4
0 38 0 1 0 7 3 6 2 5 4
0 38 0 1 6 7 0 3 2 5 4
0 38 0 6 0 3 4 1 5 7 2
0 38 0 4 6 3 0 1 5 7 2
0 38 0 1 6 3 7 4 5 0 2
0 38 0 1 5 6 4 2 0 7 3
0 38 0 1 6 3 2 0 5 4 7
0 38 0 1 5 6 3 4 2 7 0
0 38 0 1 0 6 3 5 2 7 4
0 38 0 1 5 6 3 2 7 4 0
0 38 0 1 5 3 2 0 6 7 4
0 38 0 1 5 3 2 6 7 0 4
0 38 0 1 3 7 2 6 5 0 4
0 38 0 2 6 0 3 1 5 7 4
0 38 0 2 6 3 7 1 5 0 4
0 38 0 0 1 3 4 5 6 7 2
0 38 0 1 6 0 4 5 7 3 2
0 38 0 1 6 3 7 4 2 5 0
0 38 0 2 1 3 0 6 5 7 4
0 38 0 1 6 7 4 2 5 3 0
0 38 0 1 6 3 4 7 2 5 0
0 38 0 1 3 7 2 5 6 0 4
0 38 0 2 6 3 4 1 5 0 7
0 38 0 2 1 3 0 5 6 7 4
0 38 0 1 3 2 4 5 6 7 0
0 40 0 0 6 4 1 2 5 7 3
0 40 0 1 0 7 3 6 5 4 2
0 40 0 1 6 7 0 3 5 4 2
0 40 0 4 6 3 0 2 5 7 1
0 40 0 4 6 3 1 2 5 0 7
0 40 0 0 1 7 3 2 6 5 4
0 40 0 0 6 7 3 1 2 5 4
0 40 0 1 6 0 3 4 5 7 2
0 40 0 0 1 6 4 2 5 7 3
0 40 0 1 5 6 0 3 2 7 4
0 40 0 1 5 0 3 2 7 6 4
0 40 0 1 6 4 7 2 5 0 3
0 40 0 1 0 6 7 2 5 4 3
0 40 0 0 1 3 7 2 6 5 4
0 40 0 2 1 6 3 5 0 7 4
0 40 0 3 1 6 4 2 5 7 0
0 40 0 3 1 6 7 2 5 0 4
0 40 0 2 6 3 4 5 0 7 1
0 40 0 1 6 3 0 7 2 5 4
0 40 0 5 1 3 2 6 0 7 4
0 40 0 4 1 3 2 6 5 7 0
0 40 0 5 0 3 2 1 6 7 4
0 40 0 5 6 3 2 1 7 0 4
0 40 0 1 6 4 7 2 5 3 0
0 40 0 1 6 4 3 2 5 0 7
0 40 0 1 3 0 4 2 6 5 7
0 40 0 1 0 3 4 6 2 5 7
0 40 0 1 6 3 0 4 2 5 7
0 40 0 1 6 4 3 2 5 0 7
0 40 0 1 6 3 0 5 7 4 2
0 40 0 2 6 0 4 1 5 7 3
0 40 0 4 1 3 2 5 6 7 0
0 40 0 1 6 2 0 5 7 3 4
0 40 0 2 6 3 4 1 5 0 7
0 40 0 1 6 3 0 5 7 2 4
0 40 0 2 1 3 4 6 5 7 0
0 40 0 1 3 5 7 2 6 0 4
0 40 0 1 3 2 4 6 5 7 0
0 40 0 2 1 3 4 5 6 7 0
0 40 0 2 1 3 4 5 6 7 0
0 42 0 0 6 7 1 2 5 4 3
0 42 0 0 6 7 3 1 5 4 2
0 42 0 4 6 3 1 0 5 7 2
0 42 0 4 6 0 1 2 5 7 3
0 42 0 0 6 3 1 2 5 4 7
0 42 0 6 5 3 1 2 0 7 4
0 42 0 6 3 0 1 2 5 7 4
0 42 0 0 5 6 3 1 2 7 4
0 42 0 1 6 3 7 5 0 4 2
0 42 0 1 6 3 0 7 5 4 2
0 42 0 2 1 6 3 4 5 7 0
0 42 0 2 0 6 3 1 5 7 4
0 42 0 2 1 6 0 3 5 7 4
0 42 0 5 1 6 3 0 2 7 4
0 42 0 5 1 6 3 2 7 0 4
0 42 0 4 1 6 3 2 5 0 7
0 42 0 2 0 3 4 6 5 7 1
0 42 0 5 0 3 4 2 6 7 1
0 42 0 5 6 3 4 0 2 7 1
0 42 0 5 6 3 4 2 7 0 1
0 42 0 1 0 3 7 6 2 5 4
0 42 0 1 6 3 7 4 5 0 2
0 42 0 6 1 3 2 0 5 7 4
0 42 0 1 6 7 2 0 5 3 4
0 42 0 5 6 3 2 0 1 7 4
0 42 0 4 6 3 0 1 5 7 2
0 42 0 4 6 3 2 1 5 0 7
0 42 0 1 6 4 2 0 5 3 7
0 42 0 0 1 3 4 2 6 5 7
0 42 0 0 6 3 4 1 2 5 7
0 42 0 1 6 7 4 0 5 3 2
0 42 0 1 6 4 3 0 5 7 2
0 42 0 1 6 0 2 5 7 4 3
0 42 0 1 5 6 7 2 0 3 4
0 42 0 1 5 3 4 0 6 7 2
0 42 0 1 5 3 4 6 7 0 2
0 42 0 1 3 7 4 6 5 0 2
0 42 0 1 3 4 0 6 5 7 2
0 42 0 5 1 3 2 0 6 7 4
0 42 0 6 1 3 2 5 0 7 4
0 42 0 2 6 0 3 1 5 7 4
0 42 0 2 6 3 7 1 5 0 4
0 42 0 2 6 0 4 1 5 7 3
0 42 0 1 6 0 4 5 7 2 3
0 42 0 1 3 7 0 2 6 5 4
0 42 0 1 3 7 4 5 6 0 2
0 42 0 1 3 4 0 5 6 7 2
0 42 0 2 6 3 4 1 5 0 7
0 42 0 1 3 2 7 5 6 0 4
0 42 0 2 1 3 4 6 5 7 0
0 42 0 1 3 2 4 5 6 0 7
0 42 0 1 3 5 7 2 6 4 0
0 44 0 0 6 3 1 4 5 7 2
0 44 0 3 6 7 0 2 5 4 1
0 44 0 1 0 3 7 6 5 4 2
0 44 0 3 1 0 6 2 5 7 4
0 44 0 3 1 6 2 0 5 7 4
0 44 0 5 0 6 3 2 1 7 4
0 44 0 4 1 6 0 2 5 7 3
0 44 0 4 1 0 3 2 5 7 6
0 44 0 2 6 3 0 4 5 7 1
0 44 0 0 6 3 7 1 2 5 4
0 44 0 1 6 0 3 4 5 7 2
0 44 0 1 6 0 2 4 5 3 7
0 44 0 1 6 3 2 4 0 5 7
0 44 0 4 6 0 2 1 5 7 3
0 44 0 1 6 3 2 0 7 4 5
0 44 0 1 6 2 0 4 5 7 3
0 44 0 6 5 3 2 1 0 7 4
0 44 0 6 3 0 2 1 5 7 4
0 44 0 1 5 6 4 2 0 3 7
0 44 0 1 6 7 4 2 0 5 3
0 44 0 1 6 4 3 2 0 5 7
0 44 0 1 6 3 2 0 5 4 7
0 44 0 1 0 6 2 5 7 3 4
0 44 0 1 6 3 4 0 7 2 5
0 44 0 1 5 6 3 2 0 4 7
0 44 0 5 1 3 4 6 0 7 2
0 44 0 1 6 4 7 2 5 3 0
0 44 0 1 6 4 2 5 0 7 3
0 44 0 1 6 4 2 3 5 7 0
0 44 0 2 0 3 1 5 6 7 4
0 44 0 2 6 3 1 5 7 0 4
0 44 0 5 0 3 4 1 6 7 2
0 44 0 5 6 3 4 1 7 0 2
0 44 0 1 3 2 7 6 5 0 4
0 44 0 2 6 0 4 1 5 7 3
0 44 0 5 6 3 0 1 2 7 4
0 44 0 1 2 6 3 5 0 7 4
0 44 0 1 6 0 3 5 2 7 4
0 44 0 1 5 3 0 2 6 7 4
0 44 0 1 3 7 2 5 6 4 0
0 44 0 2 1 0 3 5 6 7 4
0 44 0 2 1 3 7 5 6 0 4
0 44 0 1 6 2 4 5 7 3 0
0 44 0 1 3 5 7 2 0 6 4
0 44 0 2 1 3 4 5 6 0 7
0 44 0 2 1 3 4 5 6 0 7
0 46 0 2 6 7 3 0 5 4 1
0 46 0 5 6 7 3 2 0 4 1
0 46 0 0 6 3 7 1 5 4 2
0 46 0 4 1 6 3 0 5 7 2
0 46 0 0 6 7 1 2 5 3 4
0 46 0 4 6 3 2 0 5 7 1
0 46 0 0 6 4 1 2 5 3 7
0 46 0 0 6 7 4 2 5 3 1
0 46 0 0 6 4 3 2 5 7 1
0 46 0 0 6 3 2 5 7 4 1
0 46 0 5 6 3 7 2 0 4 1
0 46 0 6 5 3 4 2 0 7 1
0 46 0 6 3 0 4 2 5 7 1
0 46 0 4 6 3 7 2 5 0 1
0 46 0 1 6 7 2 4 5 0 3
0 46 0 0 1 6 7 2 5 3 4
0 46 0 0 1 6 4 2 5 3 7
0 46 0 0 6 3 4 5 7 2 1
0 46 0 1 6 4 7 2 5 0 3
0 46 0 1 0 6 7 2 5 4 3
0 46 0 6 1 3 4 0 5 7 2
0 46 0 4 1 3 0 6 5 7 2
0 46 0 1 0 7 4 2 6 5 3
0 46 0 1 6 7 4 0 2 5 3
0 46 0 1 6 4 7 2 0 5 3
0 46 0 1 0 4 2 6 5 7 3
0 46 0 1 6 7 0 4 2 5 3
0 46 0 1 6 7 3 4 2 0 5
0 46 0 1 6 0 3 4 2 5 7
0 46 0 5 6 3 4 0 1 7 2
0 46 0 1 3 2 6 0 5 7 4
0 46 0 0 3 2 1 5 6 7 4
0 46 0 1 3 2 5 0 6 7 4
0 46 0 1 7 5 3 2 6 0 4
0 46 0 1 7 3 0 2 6 5 4
0 46 0 1 2 7 3 6 0 5 4
0 46 0 1 6 7 4 3 2 5 0
0 46 0 1 6 3 7 4 5 2 0
0 46 0 1 6 3 2 5 0 4 7
0 46 0 1 6 3 2 7 5 4 0
0 46 0 1 5 6 3 4 2 0 7
0 46 0 1 5 3 2 4 6 7 0
0 46 0 1 5 3 2 6 7 4 0
0 46 0 1 3 7 2 6 5 4 0
0 46 0 2 6 7 3 1 5 0 4
0 46 0 2 6 3 7 1 5 4 0
0 46 0 5 1 3 4 0 6 7 2
0 46 0 4 1 3 0 5 6 7 2
0 46 0 6 1 3 4 5 0 7 2
0 46 0 1 6 4 0 5 7 3 2
0 46 0 1 6 3 0 4 2 5 7
0 46 0 1 6 3 7 4 2 0 5
0 46 0 2 1 0 3 6 5 7 4
0 46 0 2 1 3 7 6 5 0 4
0 46 0 1 6 3 0 7 2 5 4
0 46 0 1 6 3 4 7 2 0 5
0 46 0 1 3 7 2 5 0 6 4
0 46 0 2 6 0 4 1 5 3 7
0 46 0 2 6 3 4 1 0 5 7
0 46 0 1 3 2 4 0 6 7 5
0 46 0 4 1 3 7 2 6 5 0
0 46 0 3 1 6 7 2 5 4 0
0 46 0 1 3 5 4 2 6 0 7
0 46 0 1 3 4 0 2 6 5 7
0 46 0 1 2 3 4 6 0 5 7
0 46 0 1 6 2 3 5 7 0 4
0 46 0 2 1 3 4 6 5 0 7
0 46 0 1 3 2 4 6 5 0 7
0 46 0 2 1 0 4 5 6 7 3
0 46 0 2 1 0 4 5 6 7 3
0 46 0 5 6 3 4 1 2 7 0
0 46 0 1 5 3 4 2 6 7 0
0 46 0 1 3 7 4 5 6 2 0
0 46 0 1 3 4 2 5 6 7 0
0 46 0 1 3 5 0 2 6 4 7
0 48 0 6 0 7 3 2 5 4 1
0 48 0 0 6 3 1 4 5 7 2
0 48 0 2 6 3 7 0 5 4 1
0 48 0 6 0 3 7 2 5 4 1
0 48 0 7 6 3 0 2 5 4 1
0 48 0 4 6 0 3 2 5 7 1
0 48 0 4 6 3 2 0 5 7 1
0 48 0 1 0 6 2 4 5 7 3
0 48 0 0 6 3 1 2 5 4 7
0 48 0 0 1 6 3 2 5 4 7
0 48 0 0 6 4 2 1 5 7 3
0 48 0 0 3 2 1 6 5 7 4
0 48 0 1 6 7 2 5 0 4 3
0 48 0 1 6 7 2 3 5 4 0
0 48 0 1 0 7 3 5 6 4 2
0 48 0 1 6 7 3 5 4 0 2
0 48 0 2 5 3 1 6 0 7 4
0 48 0 0 2 3 1 6 5 7 4
0 48 0 2 3 0 1 6 5 7 4
0 48 0 5 3 0 1 2 6 7 4
0 48 0 0 6 3 1 5 2 7 4
0 48 0 5 6 3 1 4 2 7 0
0 48 0 5 0 3 1 6 2 7 4
0 48 0 5 6 3 1 2 7 4 0
0 48 0 1 7 0 3 6 2 5 4
0 48 0 1 6 0 7 3 2 5 4
0 48 0 1 6 7 5 3 2 0 4
0 48 0 6 5 3 4 1 0 7 2
0 48 0 6 3 0 4 1 5 7 2
0 48 0 1 6 3 7 4 0 5 2
0 48 0 1 5 6 4 0 2 7 3
0 48 0 1 5 6 4 2 7 0 3
0 48 0 1 0 3 2 6 5 4 7
0 48 0 1 5 6 0 4 2 7 3
0 48 0 1 5 0 3 4 2 7 6
0 48 0 0 1 6 3 5 2 7 4
0 48 0 1 5 6 0 2 7 4 3
0 48 0 1 5 0 3 2 7 4 6
0 48 0 0 5 3 2 1 6 7 4
0 48 0 1 5 0 2 6 7 3 4
0 48 0 1 3 7 2 6 0 5 4
0 48 0 2 0 6 3 1 5 7 4
0 48 0 2 6 0 7 1 5 3 4
0 48 0 2 6 3 7 1 0 5 4
0 48 0 1 0 6 4 5 7 3 2
0 48 0 1 6 0 7 4 2 5 3
0 48 0 2 1 3 6 0 5 7 4
0 48 0 1 6 7 4 0 5 3 2
0 48 0 1 6 0 4 7 2 5 3
0 48 0 2 1 3 5 0 6 7 4
0 48 0 0 3 2 4 5 6 7 1
0 48 0 3 1 7 0 2 6 5 4
0 48 0 4 1 7 3 2 6 5 0
0 48 0 3 1 6 4 2 5 7 0
0 48 0 1 5 6 4 3 2 7 0
0 48 0 1 5 6 7 3 2 0 4
0 48 0 1 5 3 0 2 7 6 4
0 48 0 1 6 4 7 2 5 3 0
0 48 0 1 5 6 7 2 0 4 3
0 48 0 2 1 6 3 5 7 0 4
0 48 0 3 1 0 7 2 5 6 4
0 48 0 3 1 6 7 2 0 5 4
0 48 0 2 0 3 4 5 6 7 1
0 48 0 2 6 3 4 5 7 0 1
0 48 0 5 1 3 2 0 6 7 4
0 48 0 5 1 3 2 6 7 0 4
0 48 0 5 3 0 2 1 6 7 4
0 48 0 5 6 3 2 1 7 4 0
0 48 0 1 3 0 4 6 2 5 7
0 48 0 1 6 3 5 4 2 0 7
0 48 0 2 6 7 4 1 5 0 3
0 48 0 2 6 4 0 1 5 7 3
0 48 0 4 1 3 0 5 6 7 2
0 48 0 4 1 3 2 5 6 0 7
0 48 0 2 6 0 4 1 5 3 7
0 48 0 2 6 3 4 1 0 5 7
0 48 0 1 6 0 3 5 7 2 4
0 48 0 2 1 3 4 0 5 7 6
0 48 0 2 1 0 4 6 5 7 3
0 48 0 1 3 2 4 0 5 7 6
0 48 0 2 1 3 4 0 6 7 5
0 48 0 2 1 3 4 0 6 7 5
0 48 0 1 5 6 7 2 3 0 4
0 48 0 1 5 3 4 6 7 2 0
0 48 0 1 3 7 4 6 5 2 0
0 48 0 1 3 4 2 6 5 7 0
0 48 0 5 1 3 0 2 6 7 4
0 48 0 1 6 2 4 5 7 0 3
0 48 0 1 3 7 4 2 6 5 0
0 48 0 1 3 7 5 2 6 0 4
0 48 0 1 3 2 7 5 6 4 0
0 48 0 2 1 3 4 6 5 0 7
0 48 0 1 3 0 4 5 6 2 7
0 48 0 1 3 2 4 5 0 6 7
0 48 0 1 3 0 7 2 6 4 5
0 48 0 5 6 3 4 1 2 7 0
0 48 0 1 6 3 0 5 2 7 4
0 48 0 1 5 3 4 2 6 7 0
0 50 0 2 6 3 0 4 5 7 1
0 50 0 1 0 7 2 6 5 4 3
0 50 0 2 6 3 0 4 5 7 1
0 50 0 2 6 3 1 4 5 0 7
0 50 0 0 5 3 1 2 6 7 4
0 50 0 5 6 0 1 2 7 3 4
0 50 0 0 1 7 3 6 2 5 4
0 50 0 4 6 0 3 1 5 7 2
0 50 0 4 6 3 7 1 5 0 2
0 50 0 1 6 0 7 4 5 3 2
0 50 0 0 6 3 2 1 5 4 7
0 50 0 3 6 4 1 2 5 7 0
0 50 0 1 6 7 2 3 5 4 0
0 50 0 1 6 7 4 3 5 0 2
0 50 0 2 1 7 3 0 6 5 4
0 50 0 3 6 7 0 1 2 5 4
0 50 0 2 6 7 3 1 0 5 4
0 50 0 4 6 7 3 1 2 5 0
0 50 0 2 1 6 4 0 5 7 3
0 50 0 5 1 6 4 2 0 7 3
0 50 0 1 0 5 3 2 7 6 4
0 50 0 1 6 4 7 2 0 5 3
0 50 0 2 1 3 7 0 6 5 4
0 50 0 7 1 3 0 2 6 5 4
0 50 0 6 1 3 7 2 0 5 4
0 50 0 2 0 6 3 5 1 7 4
0 50 0 3 1 6 4 2 5 0 7
0 50 0 3 1 0 4 2 5 7 6
0 50 0 1 6 0 3 7 2 5 4
0 50 0 1 6 3 5 7 2 0 4
0 50 0 5 0 3 2 6 1 7 4
0 50 0 4 1 3 0 6 5 7 2
0 50 0 4 1 3 2 6 5 0 7
0 50 0 0 5 3 2 1 6 7 4
0 50 0 5 6 0 2 1 7 3 4
0 50 0 1 6 4 3 2 0 5 7
0 50 0 0 1 3 4 6 2 5 7
0 50 0 1 6 0 3 4 2 5 7
0 50 0 1 6 4 3 2 0 5 7
0 50 0 1 6 0 3 5 7 4 2
0 50 0 2 0 6 4 1 5 7 3
0 50 0 4 1 0 2 5 6 7 3
0 50 0 2 6 7 3 1 5 4 0
0 50 0 1 6 3 2 7 5 4 0
0 50 0 1 6 3 4 7 5 0 2
0 50 0 2 1 6 4 3 5 7 0
0 50 0 5 6 3 4 2 7 1 0
0 50 0 1 2 3 7 6 0 5 4
0 50 0 1 3 0 7 6 2 5 4
0 50 0 1 6 3 7 4 5 2 0
0 50 0 6 1 3 2 5 0 7 4
0 50 0 6 1 3 0 2 5 7 4
0 50 0 1 6 7 2 5 0 3 4
0 50 0 5 6 3 0 2 1 7 4
0 50 0 1 6 4 2 5 0 3 7
0 50 0 1 6 4 2 7 5 3 0
0 50 0 2 1 3 4 0 6 5 7
0 50 0 4 1 3 0 2 6 5 7
0 50 0 7 1 3 4 2 6 5 0
0 50 0 2 6 3 4 1 0 5 7
0 50 0 7 6 3 4 1 2 5 0
0 50 0 1 6 7 4 5 0 3 2
0 50 0 1 6 4 3 5 0 7 2
0 50 0 1 6 4 2 5 7 0 3
0 50 0 1 6 2 0 5 7 4 3
0 50 0 5 1 3 2 4 6 7 0
0 50 0 6 1 3 2 5 7 0 4
0 50 0 2 6 7 3 1 5 0 4
0 50 0 2 6 3 7 1 5 4 0
0 50 0 2 6 7 4 1 5 0 3
0 50 0 2 6 4 0 1 5 7 3
0 50 0 1 6 4 0 5 7 2 3
0 50 0 1 3 7 4 5 0 6 2
0 50 0 1 3 4 7 5 6 0 2
0 50 0 2 6 0 4 1 5 3 7
0 50 0 2 6 3 4 1 0 5 7
0 50 0 1 3 0 7 5 6 2 4
0 50 0 1 3 2 7 5 0 6 4
0 50 0 2 1 3 4 0 5 7 6
0 50 0 2 1 0 4 6 5 7 3
0 50 0 1 3 5 7 0 6 4 2
0 50 0 1 5 6 3 2 4 0 7
0 50 0 5 6 3 4 1 7 2 0
0 50 0 1 2 6 3 5 7 0 4
0 50 0 1 6 7 3 5 2 0 4
0 50 0 1 5 3 7 2 6 0 4
0 50 0 2 1 7 3 5 6 0 4
0 50 0 2 1 3 7 5 6 4 0
0 50 0 1 6 2 4 5 7 0 3
0 50 0 1 0 5 7 2 3 6 4
0 50 0 1 3 5 7 0 2 6 4
0 50 0 2 1 0 4 5 6 3 7
0 50 0 2 1 3 4 5 0 6 7
0 50 0 2 1 0 4 5 6 3 7
0 50 0 2 1 3 4 5 0 6 7
0 50 0 5 1 3 4 2 6 7 0
0 50 0 1 3 4 7 2 6 5 0
0 50 0 1 2 3 4 6 5 0 7
0 50 0 1 6 3 4 5 2 7 0
0 52 0 0 6 7 3 4 2 5 1
0 52 0 4 6 3 2 0 5 7 1
0 52 0 5 6 3 2 4 0 7 1
0 52 0 0 6 7 2 1 5 4 3
0 52 0 2 6 0 1 4 5 7 3
0 52 0 4 6 3 1 0 5 7 2
0 52 0 1 5 6 3 0 7 4 2
0 52 0 0 6 3 7 4 2 5 1
0 52 0 0 6 7 4 2 5 3 1
0 52 0 0 6 3 4 7 2 5 1
0 52 0 2 6 4 1 0 5 7 3
0 52 0 5 6 4 1 2 0 7 3
0 52 0 1 5 7 3 6 0 4 2
0 52 0 1 7 0 3 6 5 4 2
0 52 0 1 6 0 7 3 5 4 2
0 52 0 4 6 3 7 2 5 0 1
0 52 0 4 6 3 1 2 0 5 7
0 52 0 6 1 7 3 2 0 5 4
0 52 0 6 0 7 3 1 2 5 4
0 52 0 1 6 7 3 4 5 0 2
0 52 0 4 1 6 0 2 5 7 3
0 52 0 1 5 0 6 3 2 7 4
0 52 0 0 1 6 7 2 5 4 3
0 52 0 3 1 6 4 0 5 7 2
0 52 0 4 1 3 2 0 5 7 6
0 52 0 4 1 0 2 6 5 7 3
0 52 0 1 6 4 7 0 5 3 2
0 52 0 4 1 3 2 0 6 7 5
0 52 0 0 6 2 1 5 7 3 4
0 52 0 1 6 2 5 0 7 3 4
0 52 0 0 6 3 1 5 7 2 4
0 52 0 1 6 3 5 0 7 2 4
0 52 0 0 3 2 4 6 5 7 1
0 52 0 3 6 7 1 2 5 4 0
0 52 0 6 3 1 0 2 5 7 4
0 52 0 5 0 6 3 1 2 7 4
0 52 0 3 5 6 0 1 2 7 4
0 52 0 2 5 6 3 1 0 7 4
0 52 0 4 5 6 3 1 2 7 0
0 52 0 1 0 3 7 5 6 4 2
0 52 0 1 6 3 7 5 4 0 2
0 52 0 2 1 6 3 4 5 0 7
0 52 0 2 5 6 3 1 0 7 4
0 52 0 0 2 6 3 1 5 7 4
0 52 0 2 1 6 7 3 5 0 4
0 52 0 0 1 6 3 5 2 7 4
0 52 0 5 1 6 3 4 2 7 0
0 52 0 5 0 6 3 1 2 7 4
0 52 0 5 1 6 0 3 2 7 4
0 52 0 5 1 0 3 2 7 6 4
0 52 0 5 1 6 3 2 7 4 0
0 52 0 4 1 0 3 2 5 6 7
0 52 0 4 1 6 3 2 0 5 7
0 52 0 2 5 3 4 6 0 7 1
0 52 0 0 2 3 4 6 5 7 1
0 52 0 2 3 0 4 6 5 7 1
0 52 0 5 3 0 4 2 6 7 1
0 52 0 0 6 3 4 5 2 7 1
0 52 0 5 0 3 4 6 2 7 1
0 52 0 1 6 3 7 4 0 5 2
0 52 0 6 1 3 2 4 5 7 0
0 52 0 1 6 7 2 4 5 3 0
0 52 0 1 0 7 2 6 5 3 4
0 52 0 0 6 3 2 5 1 7 4
0 52 0 5 6 3 2 4 1 7 0
0 52 0 5 0 3 2 6 1 7 4
0 52 0 1 0 4 2 6 5 3 7
0 52 0 6 1 3 4 2 0 5 7
0 52 0 6 0 3 4 1 2 5 7
0 52 0 4 6 3 0 1 2 5 7
0 52 0 1 0 7 4 6 5 3 2
0 52 0 1 0 4 3 6 5 7 2
0 52 0 1 6 4 0 3 5 7 2
0 52 0 1 5 6 7 0 2 3 4
0 52 0 0 5 3 4 1 6 7 2
0 52 0 1 5 3 0 4 6 7 2
0 52 0 1 5 0 4 6 7 3 2
0 52 0 1 3 7 4 6 0 5 2
0 52 0 1 3 4 7 6 5 0 2
0 52 0 6 0 3 2 5 1 7 4
0 52 0 2 6 0 7 1 5 3 4
0 52 0 2 6 3 7 1 0 5 4
0 52 0 2 0 6 4 1 5 7 3
0 52 0 1 0 6 4 5 7 2 3
0 52 0 1 3 7 2 0 6 5 4
0 52 0 0 3 5 7 2 6 4 1
0 52 0 4 6 3 7 1 2 5 0
0 52 0 1 6 2 3 4 5 7 0
0 52 0 1 6 2 4 0 5 7 3
0 52 0 6 3 2 0 1 5 7 4
0 52 0 1 5 6 4 2 3 0 7
0 52 0 1 6 3 2 5 0 4 7
0 52 0 1 6 3 2 7 5 4 0
0 52 0 5 1 3 4 0 6 7 2
0 52 0 5 1 3 4 6 7 0 2
0 52 0 1 0 4 2 5 6 7 3
0 52 0 1 6 4 2 5 7 0 3
0 52 0 0 2 3 1 5 6 7 4
0 52 0 2 3 0 1 5 6 7 4
0 52 0 2 6 3 1 5 7 4 0
0 52 0 5 3 0 4 1 6 7 2
0 52 0 1 3 2 7 6 5 4 0
0 52 0 2 6 7 4 1 5 0 3
0 52 0 2 6 4 0 1 5 7 3
0 52 0 5 6 0 3 1 2 7 4
0 52 0 5 6 3 7 1 2 0 4
0 52 0 1 2 6 3 0 5 7 4
0 52 0 1 5 0 3 2 6 7 4
0 52 0 1 3 7 0 5 6 4 2
0 52 0 1 3 0 2 5 6 4 7
0 52 0 2 0 1 3 5 6 7 4
0 52 0 2 1 0 7 5 6 3 4
0 52 0 2 1 3 7 5 0 6 4
0 52 0 6 1 3 4 2 5 7 0
0 52 0 5 6 3 4 2 1 7 0
0 52 0 1 7 5 3 2 6 4 0
0 52 0 1 7 3 4 2 6 5 0
0 52 0 1 2 7 3 6 5 0 4
0 52 0 1 6 4 2 5 7 3 0
0 52 0 1 3 5 4 2 0 6 7
0 52 0 1 3 5 4 2 6 7 0
0 52 0 1 3 4 5 2 6 0 7
0 52 0 1 2 3 4 0 6 5 7
0 52 0 1 6 2 3 5 0 7 4
0 52 0 1 6 2 3 5 7 4 0
0 52 0 2 1 7 4 5 6 0 3
0 52 0 2 1 4 0 5 6 7 3
0 52 0 2 1 7 4 5 6 0 3
0 52 0 2 1 4 0 5 6 7 3
0 52 0 5 6 3 4 1 2 0 7
0 52 0 1 5 3 4 2 6 0 7
0 52 0 1 3 7 0 5 6 2 4
0 52 0 1 3 0 4 5 6 2 7
0 52 0 1 3 4 2 5 6 0 7
0 52 0 1 3 0 5 2 6 4 7
0 52 0 1 2 3 0 6 5 7 4
0 52 0 1 6 3 0 5 2 7 4
0 52 0 1 5 6 7 2 3 4 0
0 52 0 5 1 3 4 2 6 7 0
0 52 0 1 3 7 5 2 6 4 0
0 52 0 1 3 5 7 4 2 6 0
0 52 0 1 2 3 4 6 5 7 0
0 54 0 6 0 3 2 4 5 7 1
0 54 0 0 6 3 1 4 5 7 2
0 54 0 0 6 7 1 3 2 5 4
0 54 0 0 5 6 3 4 2 7 1
0 54 0 0 5 6 3 2 7 4 1
0 54 0 6 0 4 1 2 5 7 3
0 54 0 0 1 7 3 6 5 4 2
0 54 0 4 6 0 3 2 5 7 1
0 54 0 4 6 3 2 0 5 7 1
0 54 0 4 6 0 1 2 5 3 7
0 54 0 1 0 6 3 4 5 7 2
0 54 0 0 6 3 1 7 2 5 4
0 54 0 0 6 3 1 4 2 5 7
0 54 0 0 6 3 1 5 7 4 2
0 54 0 1 6 3 5 0 7 4 2
0 54 0 3 6 7 0 1 5 4 2
0 54 0 5 6 7 3 1 0 4 2
0 54 0 4 6 3 1 5 0 7 2
0 54 0 4 6 1 0 2 5 7 3
0 54 0 2 6 3 1 0 5 4 7
0 54 0 5 6 3 1 2 0 4 7
0 54 0 7 6 3 1 2 5 4 0
0 54 0 6 5 3 1 0 2 7 4
0 54 0 6 5 3 1 2 7 0 4
0 54 0 6 3 7 1 2 5 0 4
0 54 0 1 6 0 3 7 5 4 2
0 54 0 2 1 6 0 4 5 7 3
0 54 0 2 1 0 3 4 5 7 6
0 54 0 2 1 0 6 3 5 7 4
0 54 0 0 5 3 4 2 6 7 1
0 54 0 5 6 3 0 4 2 7 1
0 54 0 5 6 0 4 2 7 3 1
0 54 0 0 1 3 7 6 2 5 4
0 54 0 1 6 0 7 4 5 3 2
0 54 0 0 6 7 2 1 5 3 4
0 54 0 4 6 0 3 1 5 7 2
0 54 0 4 6 3 7 1 5 0 2
0 54 0 4 6 0 2 1 5 3 7
0 54 0 4 6 3 2 1 0 5 7
0 54 0 0 6 4 2 1 5 3 7
0 54 0 0 6 7 4 1 5 3 2
0 54 0 1 6 7 0 4 5 3 2
0 54 0 0 6 4 3 1 5 7 2
0 54 0 1 0 6 2 5 7 4 3
0 54 0 1 3 4 6 0 5 7 2
0 54 0 0 3 7 1 2 6 5 4
0 54 0 0 3 4 1 5 6 7 2
0 54 0 1 3 4 5 0 6 7 2
0 54 0 3 6 7 1 2 5 4 0
0 54 0 1 5 3 7 6 0 4 2
0 54 0 1 3 0 7 6 5 4 2
0 54 0 3 1 7 6 2 5 0 4
0 54 0 3 1 6 2 5 0 7 4
0 54 0 5 6 0 3 2 1 7 4
0 54 0 4 1 6 7 2 5 0 3
0 54 0 4 1 7 3 2 5 0 6
0 54 0 4 1 3 0 2 5 7 6
0 54 0 7 6 3 0 1 2 5 4
0 54 0 2 6 3 7 1 0 5 4
0 54 0 1 6 2 0 4 5 3 7
0 54 0 4 6 2 0 1 5 7 3
0 54 0 1 6 3 0 2 7 4 5
0 54 0 6 5 3 2 1 7 0 4
0 54 0 6 3 7 2 1 5 0 4
0 54 0 1 5 6 4 0 2 3 7
0 54 0 1 0 7 4 2 6 5 3
0 54 0 1 6 7 4 0 2 5 3
0 54 0 1 0 4 3 2 6 5 7
0 54 0 1 6 4 3 0 2 5 7
0 54 0 1 0 3 2 6 5 4 7
0 54 0 1 7 6 2 5 0 3 4
0 54 0 1 6 3 4 7 0 2 5
0 54 0 1 0 3 4 6 7 2 5
0 54 0 1 5 6 3 0 2 4 7
0 54 0 5 0 3 4 6 1 7 2
0 54 0 1 6 4 0 3 5 7 2
0 54 0 1 6 4 2 3 5 0 7
0 54 0 1 6 0 2 3 5 7 4
0 54 0 2 6 0 1 5 7 3 4
0 54 0 0 5 3 4 1 6 7 2
0 54 0 5 6 0 4 1 7 3 2
0 54 0 1 3 0 7 6 5 2 4
0 54 0 1 3 2 7 6 0 5 4
0 54 0 2 0 6 4 1 5 7 3
0 54 0 1 6 2 4 0 7 3 5
0 54 0 2 6 7 3 1 5 4 0
0 54 0 2 6 3 7 1 5 4 0
0 54 0 4 1 6 7 2 5 3 0
0 54 0 1 5 6 7 2 0 4 3
0 54 0 6 1 3 4 5 0 7 2
0 54 0 1 6 7 4 3 2 5 0
0 54 0 1 6 5 3 4 2 0 7
0 54 0 1 3 2 6 5 0 7 4
0 54 0 4 3 2 1 5 6 7 0
0 54 0 1 3 2 5 4 6 7 0
0 54 0 1 7 5 3 2 0 6 4
0 54 0 1 7 3 5 2 6 0 4
0 54 0 1 2 7 3 0 6 5 4
0 54 0 1 0 3 2 5 6 4 7
0 54 0 1 6 3 2 5 4 0 7
0 54 0 1 6 3 2 7 5 0 4
0 54 0 1 5 0 3 4 2 6 7
0 54 0 2 6 7 3 1 5 4 0
0 54 0 2 6 3 0 1 5 4 7
0 54 0 6 1 3 4 5 7 0 2
0 54 0 1 6 4 3 5 7 0 2
0 54 0 1 6 3 5 4 2 0 7
0 54 0 2 1 7 3 6 5 0 4
0 54 0 2 1 3 7 6 5 4 0
0 54 0 2 6 4 0 1 5 3 7
0 54 0 2 0 3 4 1 6 5 7
0 54 0 1 3 2 4 6 0 7 5
0 54 0 4 1 3 0 2 6 5 7
0 54 0 4 1 3 7 2 6 0 5
0 54 0 3 1 6 0 2 5 4 7
0 54 0 3 1 0 7 2 5 4 6
0 54 0 1 6 0 3 5 7 2 4
0 54 0 2 1 0 4 6 5 3 7
0 54 0 2 1 3 4 6 0 5 7
0 54 0 1 3 0 4 6 5 2 7
0 54 0 1 3 2 4 6 0 5 7
0 54 0 2 0 1 4 5 6 7 3
0 54 0 2 0 1 4 5 6 7 3
0 54 0 5 6 0 4 1 2 7 3
0 54 0 1 5 0 4 2 6 7 3
0 54 0 2 5 3 0 1 6 7 4
0 54 0 1 5 6 7 3 2 4 0
0 54 0 1 5 3 4 2 7 6 0
0 54 0 1 5 6 7 2 4 0 3
0 54 0 2 6 3 4 5 7 1 0
0 54 0 5 1 3 0 2 6 7 4
0 54 0 5 3 2 0 1 6 7 4
0 54 0 2 6 7 4 1 5 3 0
0 54 0 2 6 4 3 1 5 7 0
0 54 0 2 1 3 4 5 0 7 6
0 54 0 1 3 2 4 5 0 7 6
0 54 0 1 5 0 7 2 3 6 4
0 54 0 1 6 2 4 5 0 7 3
0 54 0 1 3 7 5 2 0 6 4
0 54 0 1 3 2 0 5 6 4 7
0 54 0 1 0 3 4 5 6 2 7
0 54 0 1 3 4 0 5 6 2 7
0 54 0 1 3 4 7 2 6 0 5
0 54 0 1 3 7 0 2 6 4 5
0 54 0 5 6 3 4 1 2 0 7
0 54 0 1 6 3 7 5 2 0 4
0 54 0 1 5 3 4 2 6 0 7
0 54 0 1 5 3 7 2 6 4 0
0 54 0 1 6 3 4 5 2 0 7
0 54 0 1 2 3 4 6 5 7 0
0 54 0 1 2 3 0 5 6 7 4
0 54 0 1 2 3 4 6 5 7 0
